1 0.6649752000860208 0.7204168291349724 0.1283000982129911 0.1912443831160271
1 0.46460046793963306 0.20113717491562683 0.05695120373287814 0.13064207386326193
1 0.41920614732278205 0.205033742286067 0.0615296095770768 0.12447389448011296
0 0.7516372232179341 0.5460947134688156 0.14030917451188502 0.16333757142762995
0 0.4623701716758065 0.5527678587630026 0.11695349512873605 0.1676159683433749
0 0.9128025941590966 0.49107775121122543 0.1337046185055307 0.14291597727182861
0 0.931708327112968 0.39294026013967914 0.11802507142762977 0.13951824188232517
0 0.9450907629889388 0.2978323116818067 0.07690914772652384 0.1106841298696164
1 0.7047772288966817 0.09670263960555367 0.0469761858759707 0.09610343262955987
1 0.8078771351479173 0.27902599025417685 0.09768529788867966 0.1376011858759707
0 0.6015391806009649 0.05660769926535607 0.05004663879807012 0.09303297970746054
0 0.4435124464292775 0.1108979586008469 0.045550053570722324 0.10388865909060954