1 0.09342570820369565 0.8217093862085416 0.1383296631477993 0.22969011284152785
1 0.5466066241908688 0.36056337272208283 0.052372797888679656 0.13710126291777786
1 0.5758595219173925 0.2505519398764231 0.044069374187573375 0.10879442496187508
1 0.752498114044599 0.33156228448183966 0.07548301542127547 0.11889677678548613
1 0.8454532272751238 0.3301796628065965 0.08156937418757337 0.10966724715020834
0 0.4883225657488824 0.29944534118694405 0.05881371266133186 0.14818423328250008
0 0.521409575488115 0.14873617315892318 0.045877336038126514 0.12289329255305556
0 0.4163934241114385 0.6173972138121178 0.1222137394466932 0.20120143692972228
0 0.4985082690780187 0.47647996666190934 0.09302507142762977 0.13960932028847228
0 0.04366858482360582 0.7410419208778125 0.08733716964721164 0.21479115824437506
1 0.5515237694817605 0.16833950513090232 0.04881142126547431 0.11202852773541672
1 0.292386323052483 0.0712878928580553 0.05169095941492108 0.09803876291777783