1 0.153125 0.4347040568171333 0.0984375 0.17515573295387146
1 0.3265625 0.45335641964062107 0.059375 0.14791139448011298
1 0.43828125 0.34124397767557035 0.1390625 0.19305234496658025
0 0.4265625 0.5027581761334428 0.1015625 0.20958528003177204
1 0.403125 0.38984907304918776 0.05625 0.14785684740221222
1 0.71796875 0.06643844114768122 0.1015625 0.1095852800317721
0 0.240625 0.6987313749983523 0.109375 0.23628414772652384
0 0.24296875 0.4198660353067778 0.103125 0.22523755357072234
0 0.33359375 0.5769166505658976 0.0859375 0.1733750446422686
0 0.5625 0.8964830823846786 0.140625 0.2070338352306429
0 0.75703125 0.6679015296214397 0.1515625 0.2542080332781829
0 0.52109375 0.7598769752399385 0.1265625 0.19752165665497756