1 0.7405835575254545 0.39663557276413186 0.126576452503779 0.13575678134945388
1 0.46422764192396554 0.195897586728179 0.05406441567207594 0.12398294000636331
1 0.5114589576948637 0.2159651860677696 0.04570588410204497 0.11451703333863614
0 0.8531121915569123 0.5860986094445858 0.1413669945971538 0.14842041335136286
0 0.8319982418251435 0.3040128154439494 0.10306335779368574 0.10737724267981755
0 0.5901733048240314 0.4682731207431329 0.120326452503779 0.13568405601527206
0 0.4126475443006877 0.4630845393857248 0.11002598933548206 0.1464942866804538
0 0.0992374916839692 0.4438232726766359 0.1118615051204975 0.15119996801399935
1 0.7512733446395061 0.11101624610117718 0.052335315700310935 0.09429544000636332
1 0.6914374861399487 0.7458265034213596 0.100180552475544 0.16511701734563572
1 0.74052816254713 0.6503691000954502 0.10303253669052861 0.16046588001272682
1 0.13018073870019745 0.8142448606779086 0.16471348933548194 0.14713063335454457
1 0.11620080966218023 0.9093300940085906 0.13484397881213828 0.14366018801718106
1 0.5109800865352369 0.3283833700668151 0.09185284200867017 0.10256247334499946
1 0.35077833390440094 0.32573853337840697 0.08476838410204497 0.11497156667727229