1 0.5758986807313056 0.7116592799172765 0.09049237510244375 0.19938292934436302
1 0.5158195134439634 0.643645623925867 0.1045891083532208 0.16675224267981753
1 0.6234329603008101 0.629900202578004 0.11559938296032683 0.16844201201463563
1 0.5138782936326404 0.31650186859486695 0.08242300992479734 0.16024770401018137
1 0.7420032936326405 0.313847393897232 0.12122864474715112 0.12165791868236298
1 0.2568085022763116 0.35384951662954717 0.1005522717116217 0.11360906134627217
1 0.16918222374026431 0.34081426197486475 0.09931941149637398 0.15419769867918126
1 0.45842246794929603 0.11569389393700288 0.058291997104515936 0.11155566534054513
0 0.5182148449137667 0.12280641259550329 0.05233309553293921 0.11773294000636332
1 0.4843492671635078 0.11226890193350307 0.037688398676092486 0.10506930800445433
1 0.7392529369320494 0.1381934132320501 0.04997007485477489 0.10052725867281787
0 0.3384694170824545 0.46143420261777496 0.1106207845319033 0.16213746801399936
0 0.05836884822353565 0.38973411465627317 0.11621581306795062 0.14814769334818118
1 0.10181924938082747 0.24477560331795525 0.07191784946188076 0.10234429734245412
1 0.7488312981807544 0.0834240972310956 0.053202082712657625 0.06933180267345422
1 0.7189105117868243 0.038484314568777225 0.04404540653397522 0.07391021467218156
0 0.26620684946638995 0.8394142992918656 0.15604460049533805 0.19858404535327168