1 0.5204735220591974 0.6376501625955033 0.11989538524403187 0.1982567813494537
1 0.5947695401113743 0.6235052992520946 0.08526585518980259 0.1541067920114539
1 0.6069796903825206 0.40462802991727653 0.08664654800821019 0.12287497334499946
1 0.7916728529503073 0.34779513255891403 0.09597609621281222 0.11517156134627218
1 0.29473980737798405 0.09500122795991094 0.05528746369925477 0.10376134667409057
0 0.11428260939321502 0.6322210593173189 0.1325408309893057 0.22340223201781734
0 0.06303983460354301 0.4437858153246368 0.12607966920708602 0.18742836935072643
0 0.5455392380961432 0.08895812392586704 0.04595791549465282 0.11146475867281791
0 0.5751508899384236 0.9073081345878673 0.1744374394987581 0.17389312802354412
1 0.8584109010567135 0.28999117588323264 0.07883404800821019 0.12278406667727229
1 0.9214830727978821 0.32519233187464214 0.06632495764913031 0.12107611600890866