1 0.40372484160558175 0.3459589572563472 0.11852004307885 0.1537522347764936
1 0.4413673172161651 0.21420041802873566 0.07247556956195353 0.12068520472226432
1 0.48665803788306994 0.19181687880112416 0.05416261213660043 0.1268261204133089
1 0.7074893439513702 0.25635714353365124 0.07455152179152655 0.15037270472226433
1 0.7224741136492099 0.5711599869177929 0.13211264951546742 0.16944995764913068
1 0.2558321889111466 0.799601065962191 0.14937655917039336 0.1929783612399266
1 0.2040022551189055 0.7173016503693423 0.13253898441265974 0.10853972872636941
1 0.19107737613445694 0.33144596360105893 0.08097648441265974 0.10823974687674198
1 0.08525334705346335 0.38159088846548567 0.08421074505632146 0.1098204275949013
1 0.22920580682460487 0.28481185811666876 0.06349405347041018 0.08158634328594587
1 0.30086228553728145 0.2821050146343312 0.08791489926336578 0.09578519867214012