1 0.49135139185764964 0.3231168757760621 0.09720527210332364 0.11929542154477701
1 0.7627226235152496 0.1731588241536146 0.08438702335696498 0.10828519867214012
0 0.8424545537735589 0.47044743549173723 0.1326259465556454 0.15543290944452864
0 0.9459610208496827 0.32888717026823083 0.10807795830063469 0.12873405405833438
0 0.39082150910469304 0.5459316861791083 0.11681909012915473 0.14909200585373233
0 0.3222018897460786 0.4963220507386847 0.12275084138279588 0.13819086729005098
0 0.19521480707226427 0.7494465298578377 0.1551374440483629 0.17743517447164336
0 0.3676246676553901 0.8762095386384363 0.17934783386094857 0.20413402985783763
1 0.6980403463973609 0.09779520979042988 0.05313702335696498 0.10810339149054778
1 0.6685514231986804 0.050756583326996764 0.052727846397360875 0.09404089149054776
1 0.639281460345699 0.03808841168402384 0.05356292069139794 0.06904998184962738