1 0.5984672379342825 0.16757014042621843 0.05538195916315995 0.11027502678536125
1 0.3016020953838603 0.6419969906678045 0.1442460517214313 0.15086484496658023
1 0.08521071435100148 0.7347823287345259 0.16403276206571757 0.18087962743398442
1 0.23673109664980463 0.39796634699847044 0.09967759618646843 0.1266636858759708
1 0.17505947586856488 0.3529771753259592 0.0869047776748142 0.11863299756436803
0 0.8871453028177395 0.24060862541198 0.1077083509957916 0.1330500535707225
0 0.7786656255057451 0.3510297025216528 0.10965279691210802 0.14401482710967278
0 0.440580293747247 0.46311623985702555 0.11143355172143128 0.15029210064862308
0 0.2733555882122841 0.48945837175523677 0.1091071598887993 0.12838982710967278
0 0.10210558158886215 0.5416363007313486 0.13805061542376212 0.1523182508107789
0 0.47325137297385644 0.8466866704579905 0.1804762176006804 0.20458986282348768
0 0.7000792570019401 0.7904155308491416 0.16932046279135698 0.1981489480508353
1 0.6839087193299609 0.06848202963132557 0.05661707694917482 0.10092730032431156