1 0.1647558970234626 0.23262739599218735 0.06574062406898658 0.10454333605604171
1 0.9159972576529951 0.4063408128828464 0.10349748924663302 0.14444229065319458
1 0.8356933275453711 0.38791942762423537 0.10251718610347993 0.156905923062014
1 0.4997537892894143 0.1444487166619093 0.07210194003242129 0.1405899388295834
0 0.27097166377268567 0.19737826738309003 0.07384422249741007 0.1109751740119445
0 0.031857813896520114 0.36862206022048605 0.06371562779304023 0.12213087955902786
0 0.04264545657675654 0.5315760018998611 0.08529091315351307 0.16809799620027785
0 0.8433987038906693 0.6413710827344785 0.14506855913900907 0.165700348023889
0 0.9200959828410014 0.8042509828107283 0.09125435442427943 0.1831774823325695
1 0.19884626075336698 0.13740516175975676 0.0466267510334573 0.09629442496187504
1 0.2496853227878603 0.08471526643315952 0.046481201819245574 0.09316942496187504