1 0.38624835424998466 0.63203125 0.13210425033868428 0.225
1 0.45709644278459544 0.62734375 0.1214942989592032 0.23125
1 0.5177274055840371 0.7109375 0.10924660447712728 0.20625
1 0.567023641450543 0.5484375 0.13664790818602893 0.1328125
1 0.28589090739305945 0.759375 0.155296088873295 0.2203125
1 0.6156094691310198 0.253125 0.07571040818602892 0.1328125
1 0.6821794934412793 0.25625 0.10646908525525038 0.1234375
1 0.7783451645176069 0.30234375 0.12209408525525038 0.1234375
1 0.391817844300362 0.365625 0.10893898801421234 0.1109375
0 0.8057409034363305 0.4375 0.13655937697836434 0.1609375
0 0.4496170561952925 0.425 0.10637390999505118 0.18125
0 0.4582606365893028 0.20234375 0.08253361827193721 0.14375
0 0.2954341672311404 0.375 0.13582239258219672 0.146875
0 0.35510681761525326 0.51484375 0.14371013568479168 0.178125
1 0.8856010645630356 0.2171875 0.08418464947960161 0.115625
1 0.2175227719354103 0.15546875 0.055902519221876903 0.0828125
1 0.22818363297125824 0.10546875 0.05038950361804462 0.096875
1 0.24871081693788472 0.06484375 0.058536196291098366 0.0734375
0 0.9786350915868285 0.67421875 0.042729816826343026 0.1765625