1 0.3121652193565955 0.3417035052912292 0.1399442648307229 0.1531806386855446
1 0.6113607225780493 0.19993143925050383 0.06793290944452864 0.1289067973424541
1 0.5621965147325271 0.20987915125718531 0.05850336729005097 0.11942270934118149
0 0.17405266188041557 0.5066028939767738 0.15722266842151914 0.16900563335454458
0 0.23651525868240286 0.23085745930141055 0.11319995764913057 0.12162155601527207
0 0.4487117734149299 0.4448092292727755 0.13368517447164335 0.15154541335136287
0 0.6231259661351417 0.47637576058245845 0.12592721662612102 0.16082950668363552
0 0.9320106076256895 0.522784947207233 0.1275260780624393 0.16709768801718106
1 0.34331872882456527 0.05616544728677486 0.06151928298109555 0.10070907200827235
1 0.3095548664062882 0.6987892992918655 0.11821471057599683 0.17792610001590833
1 0.275347517168414 0.5937114479630926 0.11974993949875792 0.17325678134945371
1 0.8481638902140016 0.8831599205522325 0.17911584913967857 0.17238517202418074
1 0.8493042093976463 0.9448695798854597 0.15365224082661796 0.09240677068745384
1 0.5464402254067198 0.3217888052594125 0.10222609621281205 0.1152442866804539
1 0.7036623729473918 0.3527740812380953 0.09603972872636941 0.1261090613462721