0 0.42565930281483777 0.5502630648732295 0.11797536167271758 0.13699346656500017
0 0.4270400720922097 0.4588022634864587 0.10601918973360736 0.11173889342673622
0 0.6474878818643106 0.575757946616459 0.14412136760421673 0.16570034802388917
0 0.1461084070731816 0.44444359707395853 0.14342103064607842 0.148512848023889
0 0.036972123498534716 0.4744921601442361 0.07394424699706943 0.1302343202884723
1 0.31537564920169725 0.0902314886008336 0.04932352076024671 0.09949216014423615
1 0.3351761546389047 0.06488664969500028 0.05337435079830275 0.08397626291777782
1 0.671416107681204 0.2955801373459034 0.08771485870696819 0.1222399823325695
1 0.7291185197344825 0.3188189220151742 0.07244268577927464 0.0922251740119445
1 0.5529300459319366 0.19038153143822964 0.05502969269935694 0.12460126291777777
1 0.5902509738025459 0.13807480223979218 0.043872016805913995 0.08063305737069451