1 0.5474123091390093 0.1562183492600488 0.0411772717116218 0.11291817067154523
1 0.6393515601724664 0.25051269458150394 0.07388276385373889 0.1445317973424541
1 0.7098459966902311 0.2536007845719589 0.07166529238978611 0.13045111600890866
1 0.7785232220831253 0.25123830589595936 0.08104029238978612 0.13056020401018137
1 0.32640198821317573 0.043102373289320206 0.05988873035529289 0.07877952800763602
0 0.6567746164159916 0.5238956505808676 0.12181514970954979 0.20130905601527208
0 0.458865693547078 0.2690279792727755 0.06265416542531561 0.13815452800763595
0 0.37334580210518664 0.8328279446212747 0.16778262117350246 0.2158988146880901
0 0.13619663502724136 0.3564216279837734 0.1153425177826803 0.12939769334818116
1 0.2372175177826803 0.12543416263527418 0.043501751033457305 0.09576703333863615
1 0.2528767510334573 0.0924216679662743 0.03674232878371626 0.08475680800445433
1 0.2791459985522579 0.052250653962456275 0.04172092721213971 0.09106135200509066
1 0.8342809164587728 0.22323093722155057 0.07806084160399784 0.13364884134309046