1 0.13125 0.85078125 0.11875 0.21953125
1 0.54453125 0.3703125 0.040625 0.1328125
1 0.5640625 0.259375 0.03515625 0.10625
1 0.74765625 0.33125 0.065625 0.11328125
1 0.840625 0.32578125 0.0734375 0.10234375
0 0.48046875 0.31171875 0.046875 0.14453125
0 0.50078125 0.16015625 0.03515625 0.1203125
0 0.43671875 0.63203125 0.10546875 0.1921875
0 0.50625 0.4875 0.08125 0.1328125
0 0.05546875 0.775 0.11015625 0.2046875
1 0.53203125 0.178125 0.03984375 0.1078125
1 0.26484375 0.09375 0.04296875 0.09453125