1 0.5573642791714996 0.3523549238824681 0.08253361827193721 0.1441863372358217
1 0.3977945273624772 0.3030038427949665 0.1171542797373264 0.1490738251355732
1 0.5703445567611194 0.22746855337096333 0.06173643939369331 0.10501475292686627
1 0.8383685334669126 0.8981572615110732 0.17495349163225704 0.2036854769778536
0 0.6294107767966504 0.5050713786047325 0.13910452283992142 0.18044199980360814
0 0.6574494883528967 0.3396600020431034 0.11862824852966192 0.17719882513557322
0 0.7085095358417619 0.7476452188656162 0.17010221732199754 0.20561471662612102
0 0.8793443362713033 0.803309932466675 0.1699317989592032 0.2321681262670417
0 0.5659359384891822 0.08373673408912256 0.06937852103089917 0.1316136143631847
1 0.5312809774987628 0.048389586548450596 0.0547494549975255 0.09091589149054777
1 0.7896334673219976 0.20921904400118946 0.07078389077317446 0.09881929508134393
1 0.7604638664629149 0.09970768861499517 0.05474945499752568 0.09091589149054777
1 0.799888214608464 0.136644607232906 0.09602955223856373 0.10365224082661784