1 0.33828125 0.08984375 0.06796875 0.13203125
1 0.6828125 0.321875 0.05703125 0.109375
1 0.56640625 0.5625 0.11171875 0.16171875
1 0.69453125 0.54296875 0.09609375 0.1265625
1 0.659375 0.26484375 0.07734375 0.11875
0 0.459375 0.5515625 0.08984375 0.1359375
0 0.47890625 0.484375 0.078125 0.0984375
0 0.41015625 0.37421875 0.09453125 0.14453125
0 0.7140625 0.490625 0.103125 0.128125
0 0.80546875 0.415625 0.07421875 0.1265625
1 0.5125 0.15859375 0.03984375 0.1171875
1 0.54609375 0.18203125 0.03515625 0.1078125
1 0.2640625 0.10859375 0.05546875 0.07578125
0 0.3140625 0.565625 0.12578125 0.16015625