1 0.739439787234722 0.2360791571975353 0.07431162860909737 0.10636040919430556
1 0.7923472348980207 0.213078721502084 0.05548889342673604 0.10279899810013893
1 0.7364985848217708 0.1273581206284034 0.06261040919430556 0.07329333605604171
1 0.7149879139439583 0.07761204055628532 0.044478658244375066 0.09941942496187503
1 0.4365069704616314 0.6237733000555907 0.1085047906531944 0.09934799620027786
1 0.3702098232351731 0.617540177430417 0.10425370174736112 0.11798889342673621
1 0.16669196504638867 0.26026861882545155 0.06635365824437507 0.09992857123840286
1 0.25175664285805527 0.2997688363403822 0.0744570989738195 0.11261040919430557
1 0.31382088497427063 0.2863616061920141 0.04705945079743064 0.14320579255305557
0 0.08281565995680491 0.7742207096311459 0.14956750816812514 0.18619468597979177
1 0.11694457855350664 0.34900315729444453 0.09455139342673621 0.10370818787965286
0 0.5010520473027082 0.10077286436013932 0.0428797906531944 0.0978205573706945