1 0.3845153507767714 0.673052955283275 0.12849259517409733 0.21862382535009015
1 0.4764495840592714 0.7282484379376392 0.10367443313000031 0.22614542401336307
1 0.6819462099154864 0.29058316390836786 0.07939917211208343 0.12276588534372675
1 0.6169381525447919 0.2507035985837311 0.07158667211208343 0.12267497867599957
1 0.5408484312301391 0.2719069839274579 0.06748105357097245 0.1476204346753632
1 0.5232050299196181 0.18537004726291234 0.04120818787965277 0.09264203333863615
1 0.4969704914506252 0.2333444705999576 0.05705139342673622 0.10219884667409058
1 0.26436062604364613 0.37905860196531976 0.10094686379145842 0.10895792401336309
1 0.22800620516583373 0.4287137039704104 0.11682643692972228 0.12007723734881744
1 0.19815178495361133 0.25401369597391027 0.09622299620027785 0.10734088001272664
1 0.22894523043270848 0.13331029730268323 0.058722996200277856 0.10690452800763603
0 0.1500071853142017 0.36788583931413726 0.11090374525034732 0.1340670120146356
0 0.5046894596311459 0.0949359512651395 0.054253701747361306 0.11622498400699968
1 0.5477394365484727 0.5343978932606852 0.10414459897381967 0.11211928668045382
1 0.8522944242962851 0.25656105788514166 0.07631053970326392 0.12429202267663593
1 0.9082352997712502 0.24262527987750565 0.06162979065319476 0.09756589067472685
1 0.2497155913743753 0.3206193933004561 0.07718205547083343 0.09462270401018139
1 0.244405923062014 0.09249439330045606 0.036229747150208345 0.08008748933799978
1 0.2694234536472223 0.05938190129695622 0.04277068787965286 0.09266021467218155
0 0.971899062689028 0.6747105265356879 0.056201874621944016 0.16019316000954512