0 0.3047245810638203 0.3810114532940927 0.1629987015966055 0.16744313335454447
0 0.4735064145619175 0.3798291192711847 0.14517453163466154 0.15161813868554458
0 0.1217648424325268 0.43707219131922787 0.16331703657757743 0.17525563335454458
0 0.18433777969467627 0.5340466413112738 0.1677153765014653 0.2065419960216353
0 0.3292960885153752 0.8113983872931382 0.15460788144438115 0.22981586401972648
0 0.46470700650015273 0.8160757019414573 0.15288355536065784 0.2641545013526354
0 0.585195920036306 0.7998228985916853 0.16595655832640724 0.278362452020999
0 0.7503235825466951 0.3828610232336409 0.16437020060802238 0.16277381468808994
1 0.7091322608744149 0.04777169195577476 0.11513952174882984 0.09554338391154953
1 0.8989295899238879 0.02624104260822996 0.07598417984777583 0.05248208521645992
1 0.4037456487817678 0.7011052299490933 0.1055337114824372 0.21362724267981753
1 0.6430336418616855 0.6654928045830948 0.12265754448624282 0.21226473734881743