1 0.740866411586705 0.4881731193130142 0.08694973370266404 0.14363299756436804
1 0.8065786766303997 0.6206367917963044 0.10085912100796719 0.1922886858759707
1 0.7775754867386718 0.6771907548646734 0.11170569279472176 0.18935460064862308
1 0.5930868264721152 0.6778787272685334 0.1041659774344577 0.19859323295387127
1 0.6625331599373523 0.6282838762128731 0.09614287727617317 0.1375466387980701
1 0.45790812523110913 0.16588546752930064 0.02712009263643722 0.1269716030842551
1 0.4138853405913731 0.17449680843869114 0.059978056743059935 0.1291068474022122
1 0.2777312287546061 0.28702230762791225 0.08984741316955062 0.13587504464226868
0 0.73156693408574 0.21677936038456047 0.07771112602253219 0.14815685633066603
0 0.6614206039857152 0.4516122820570717 0.11025084138279588 0.1393546006486231
0 0.8957083389420205 0.32438512905224687 0.12193248746358769 0.11144778896022585
0 0.8580107959890142 0.5722907950427152 0.1253590158351173 0.17553756249917624
0 0.5691539183171296 0.8556764448011291 0.153165767088759 0.16509098620028234
1 0.19790733643473798 0.2903188571414449 0.08218802586424748 0.08732845048646735
1 0.7050762934152248 0.07952877637502884 0.04477895407749273 0.08979888555165916
1 0.6776559870678762 0.05481910267392272 0.04156302586424747 0.0866193384737585