1 0.34716887499835236 0.24262033381797607 0.09938416558343129 0.14431360226293632
1 0.5380041550301244 0.3452827672666098 0.09211713636243815 0.17551815046753827
1 0.2899696241842782 0.5906896742752515 0.155606892044481 0.14307835518980241
1 0.08018156696010777 0.610560770979043 0.14154439204448094 0.142996541958086
1 0.6164111676087309 0.7199196737842722 0.00315227353895029 0.0015806807181592219
0 0.7944816205308303 0.7178309747193486 0.1519012394466932 0.19930108411256384
0 0.8802027065689568 0.8401923089301082 0.18323306006354442 0.20417039129415607
0 0.7754984265404798 0.25682984220579136 0.10585235389503396 0.15684996369925477
1 0.9665131643656153 0.45951045637258436 0.06697367126876941 0.16761474687674216
1 0.18394217207625302 0.24479539129415606 0.09743983603812652 0.12242951190385672
1 0.2726637528393738 0.22578229176169423 0.08811938311602718 0.12549996974937896
1 0.1311620454530476 0.21949086426498882 0.08033415665497756 0.1270170179539809
1 0.7432705332781829 0.1558713302037388 0.06430005357072233 0.10348861436318471
1 0.7388500401780418 0.08163439948557956 0.04207049756436802 0.08304884933607007
1 0.8129790612813601 0.1664321011827818 0.054761412337020234 0.09405907220870699
1 0.8392881911509764 0.24157754692805566 0.07995232710967279 0.1051420179539809
1 0.6136454886359143 0.06918842075921014 0.040589818181219074 0.08772725897699045