1 0.3796875 0.17761318594845693 0.0515625 0.11622498400699968
1 0.31796875 0.292393848623502 0.0859375 0.15099997334499946
1 0.25 0.31427848663272884 0.0828125 0.13690111067790856
1 0.1828125 0.32912278397518296 0.0921875 0.13857269867918126
1 0.56015625 0.026623945297592554 0.0671875 0.05324789059518511
0 0.37890625 0.5580910266152296 0.1375 0.21253745735199914
0 0.49765625 0.2621779952657758 0.0734375 0.14304202267663585
0 0.7421875 0.7780826165659137 0.1828125 0.233377216024817
0 0.83515625 0.26059457721995977 0.1234375 0.14206132535009014
1 0.67109375 0.06640986724223147 0.05 0.09901930267345424
1 0.64609375 0.04168077862429741 0.04375 0.08336155724859481
1 0.609375 0.027068840627001822 0.05 0.054137681254003645
1 0.121875 0.3173318559834553 0.0890625 0.14009883601209036