1 0.23444536363756194 0.16947212614055535 0.0596125535707225 0.10447060087368057
1 0.9323241615295368 0.4984010263137145 0.0946421185055307 0.14277068787965277
1 0.8579650896948697 0.46342792069038125 0.09329780681713337 0.15523432028847228
1 0.5760288916407392 0.15136955746760367 0.06333757142762977 0.1389183360560417
0 0.34399764164073915 0.15677014475791637 0.06750687418757347 0.1093399388295834
0 0.059289630683690496 0.2719464287615972 0.10204551542127549 0.11951502583555565
0 0.05001581655966124 0.4370447518998611 0.10003163311932248 0.16653549620027785
0 0.8191854131543899 0.7165717576963535 0.13400462743398442 0.16086737765916687
0 0.8910489561751007 0.8945136133196867 0.132633042206637 0.1717685100679862
1 0.28516415827983066 0.08238904701836781 0.0407261858759707 0.09622168977951391
1 0.34369940706201463 0.04309277051722209 0.04067163879807012 0.08618554103444417