1 0.3032552475641131 0.37869158479993476 0.09137949980360824 0.1302147408266178
1 0.3253893227978822 0.3340330697728201 0.102180644417414 0.10684087334017515
1 0.6566746424725064 0.5945968232888615 0.11325449980360833 0.13034200585373235
0 0.4991081030485033 0.41895699473544273 0.09470448770335978 0.16460792154477702
0 0.11656376864135194 0.3750903827099491 0.10073631908544903 0.12714428298109554
0 0.0810171540817755 0.30811196096878024 0.0992010901626879 0.13182269262201593
0 0.8653587751824554 0.7121287151721928 0.13056017447164336 0.15075449980360817
0 0.9034713326586352 0.8751827061952022 0.16183744554888194 0.15562380698520073
1 0.26733242486442677 0.10781600341784556 0.04276928298109546 0.10024543969514968
1 0.31221819886853186 0.04757391588743632 0.03181360226293624 0.09514783177487264
1 0.35133069584346976 0.03886199121940129 0.028588608313060516 0.07772398243880257