1 0.5821423305345915 0.5606446677341481 0.14258025595208465 0.18512949980360816
1 0.5198997846057498 0.7689611617822196 0.1517367346647614 0.182059041958086
1 0.39490976432683256 0.4774907583878152 0.0789112398605413 0.14571247579950325
1 0.4626324958895006 0.4255197131100796 0.08022236758448216 0.16446247579950324
1 0.43488419032540354 0.34173052038986784 0.08280106436617345 0.15666815651766247
1 0.26616205145359784 0.5080044393023663 0.1111445856534969 0.15995678298109545
1 0.19158266853387693 0.4903760568870048 0.08552187278026224 0.1285704275949012
1 0.704518983152152 0.2635792910743232 0.06302415990702759 0.09720225292686617
0 0.6340200848971923 0.06465091168402384 0.06858574505632138 0.1097295240041051
1 0.703201773633112 0.09240827302214645 0.04965007475773362 0.08462953005422928
0 0.6825232868746637 0.10870089353365123 0.06378898441265975 0.10813975292686626
0 0.7362713637260845 0.18951507717867672 0.08711722376899793 0.10671360831306051
1 0.04240924417396604 0.35741304508134397 0.08481848834793208 0.12390110831306052
1 0.17019325963525556 0.2932965238077133 0.10586722376899793 0.10682269262201594