1 0.5645224948327134 0.47997592983439646 0.0945205955329392 0.11770565046753827
1 0.4857639480997012 0.44278902634179607 0.1232663337461151 0.16473518657189173
1 0.39441551013419446 0.39068110479701906 0.10211477171162171 0.11306360226293624
1 0.2969968546336764 0.36823341217500316 0.11101889081820956 0.13654655405833438
1 0.47029515178097353 0.5567924390077786 0.13540246071058562 0.15699540944452864
1 0.679620955957584 0.4751753212267483 0.08758569892376152 0.2035795179539809
1 0.04824587024474365 0.38471588846548566 0.0964917404894873 0.1490465540583344
0 0.6959607777119869 0.6612582669720222 0.16240591645877273 0.2336942648307229
0 0.3197536503332315 0.5004328338179761 0.14819355913900917 0.16331813231716552
0 0.4048779369320494 0.14927030961747928 0.0564769400324213 0.13935339149054773
1 0.6918728227878603 0.09467475496996969 0.05636562406898662 0.10342498184962738
1 0.6692551141441891 0.060158854404235615 0.0505522717116218 0.11276362041330892
1 0.6306485324649888 0.03336455024770537 0.06370293507002245 0.0597295240041051
1 0.38796011062953245 0.19371520120622293 0.050479497104515936 0.1112011204133089
1 0.32123918341739277 0.28397658684303817 0.0771147717116217 0.11291815651766246
1 0.257065367453958 0.31955047247985346 0.0851455955329393 0.11765110831306043
1 0.1776133079006641 0.3308101593463328 0.09742727171162172 0.11303633118569749
1 0.06000843093619338 0.3223113372358216 0.08961477171162173 0.11299087939029935
1 0.5399997220876345 0.6877020714231401 0.08907542431665565 0.20202610831306062
0 0.05084960070473501 0.7957761083130604 0.10169920140947002 0.1881363251355733