1 0.26868613664636315 0.3230143547058129 0.08431204811738686 0.1466216298696163
1 0.4049602914913236 0.6374604586008469 0.10760984577334831 0.12049550649282174
1 0.331172338067551 0.6416473522701809 0.12187260487264702 0.12386596834337489
1 0.2030518422296041 0.3586285263783241 0.09843510487264702 0.12345686525911974
1 0.7236005814322624 0.15654128976770948 0.07329540252860874 0.0964852621748646
1 0.682523800895164 0.10185774390762477 0.058832384330011325 0.08998980032431154
0 0.19187690546326927 0.5086012528393737 0.1358139913621267 0.17093188311602728
0 0.05770666872462106 0.5356295827917157 0.11541333744924212 0.1868841655834313
0 0.09048199105758488 0.8507693875802541 0.18096398211516976 0.2283000982129913
0 0.4169791440476188 0.10817237905554214 0.05368380937615384 0.1070682061685102
0 0.783147957281284 0.26473166517309893 0.14474890036914037 0.13987279788867957
0 0.9104719208840895 0.27946809536702677 0.10588665946843889 0.1423159594149211
1 0.10603594232188918 0.32252165665497756 0.09012195712440044 0.11550799756436803
1 0.046551518355480805 0.3598074224832901 0.07233367982650452 0.10583298863591431