0 0.6937099005724882 0.62890625 0.1142648717519414 0.190625
0 0.555241689939751 0.684375 0.1493217102256999 0.2296875
0 0.23334514489044528 0.59609375 0.13800238068039522 0.2078125
0 0.15769848823546778 0.72265625 0.15529897483619653 0.2140625
0 0.08356292776159119 0.640625 0.16712585552318238 0.2
0 0.053211180197223165 0.815625 0.10642236039444633 0.21875
1 0.41579082102388815 0.16953125 0.1203512305182393 0.18125
1 0.6463694760606031 0.78984375 0.11486488960884884 0.225
1 0.4081524557680637 0.74140625 0.12391260714144484 0.20625
1 0.35532133076641603 0.50078125 0.11667285145940198 0.2390625
1 0.5751701806042602 0.52734375 0.11278419236879245 0.1953125