1 0.6759892924463106 0.34237380433347164 0.10157645250377918 0.13655705547083344
1 0.5090069187970222 0.3829293352030204 0.11296897881213823 0.14462412860909737
1 0.426800634525568 0.320867052717951 0.09993835779368573 0.10843205547083343
1 0.3839537108903969 0.3733569262930552 0.08927387357870131 0.1128649823325695
1 0.30822566879702223 0.387602570669722 0.08651289462538862 0.11904224715020843
1 0.22507153455380288 0.3552096043890623 0.07575740514873237 0.1219126740119445
1 0.3252458398013573 0.3364940123490969 0.09194384727034208 0.10512521751493065
1 0.8157791055157857 0.24627744149194375 0.10747784200867017 0.10392639342673622
1 0.19589924502067682 0.29347332380385394 0.08845482622365468 0.0988024823325695
0 0.40893975838661795 0.5069682068782635 0.14109397881213823 0.14527874525034737
0 0.7665919056428425 0.3808349326582285 0.12187354195220053 0.16355596656500007
1 0.3986657421780794 0.06717966147541633 0.054534852532013914 0.10581489532659727
0 0.20577144282748136 0.7535561854111108 0.1428832629424181 0.2295810100679862
0 0.06999340955380287 0.8240349524129513 0.13998681910760574 0.21279355357097246
1 0.12671733453968542 0.34267519642902766 0.08587585779368574 0.10810474715020835
1 0.045125700296466106 0.31024586255718745 0.06978042093374792 0.12645470364722228