1 0.26015625 0.21484375 0.06953125 0.10390625
1 0.20859375 0.1890625 0.05078125 0.1
1 0.26796875 0.10625 0.059375 0.0703125
1 0.29140625 0.05703125 0.03984375 0.09765625
1 0.546875 0.6140625 0.10390625 0.0953125
1 0.6140625 0.6109375 0.09921875 0.11328125
1 0.83125 0.26171875 0.0625 0.096875
1 0.7453125 0.29765625 0.06953125 0.109375
1 0.68359375 0.28203125 0.04140625 0.14140625
0 0.89453125 0.77890625 0.14140625 0.18046875
1 0.87734375 0.35234375 0.090625 0.1
0 0.50390625 0.0890625 0.03828125 0.09609375