1 0.33435430213178174 0.46728941745933994 0.10758886181247736 0.16944229065319458
1 0.36278778763381225 0.36443652118281217 0.1004982526208936 0.13183318787965276
1 0.45259675509412906 0.630695341186944 0.1057655459579184 0.18968205547083344
1 0.39252894509966635 0.5455040300165275 0.09711243676633483 0.15203658510611112
1 0.2506151480620137 0.7149651576756941 0.12727960055371038 0.20890483415618064
1 0.03434831431339934 0.3978549653307291 0.06869662862679868 0.11555357123840278
0 0.43361712908822403 0.15996592030913157 0.05791023442229637 0.12460126291777777
0 0.42201709747139143 0.08534778001652742 0.05474566162790708 0.09956489532659726
0 0.22478354719453622 0.19290962614055535 0.06864747532299775 0.12173083605604171
1 0.2612693645902545 0.06178625949930533 0.06049501387966068 0.09189786569131948
1 0.20591032464931563 0.548287457162604 0.10798938001107468 0.17569229065319458
1 0.5976775200535238 0.5578910079806938 0.14076230721668548 0.15149237765916687
1 0.8106419016057579 0.22919904426548543 0.09444851172019249 0.13481271751493065
1 0.7268979572812839 0.2334884603936452 0.08885984577334831 0.12064111474138892
1 0.6552534947582126 0.24373693579236058 0.10352312307124442 0.1303434230620139