1 0.8675013325408003 0.6770997301993074 0.1087912929530063 0.24902837334017533
1 0.2752633906040084 0.32970463895646496 0.08805759263643723 0.12705337939029934
1 0.2694957415537158 0.6954250877268009 0.16478522868809903 0.18686471662612086
0 0.5495767319868043 0.4656320068356911 0.139103267088759 0.16328177088084708
0 0.36267377705138165 0.5409506902843249 0.13312605172849495 0.17262040944452864
0 0.22833484712227667 0.8652245033196497 0.17227947994174028 0.17597266842151918
0 0.23731269351963755 0.9589381418833313 0.1804436694377567 0.08072380093507654
0 0.478795499866986 0.9333103862259904 0.18497805674305995 0.12917948165323595
0 0.10025268190766205 0.43777218989154143 0.10868834138279593 0.13810905405833437
0 0.07465093982522086 0.5246545663549745 0.1231145542357774 0.15069086729005096
0 0.929444116422367 0.3782213477839459 0.14111176715526597 0.15710449375348415
1 0.6451139231986804 0.04507056372269588 0.04960284639736088 0.09014112744539177
1 0.4254272119950516 0.17333594340758282 0.053591664423191784 0.12372839149054782
1 0.38895851458147634 0.18214331684595383 0.05621655925034234 0.106559072208707
1 0.19387699828414034 0.3254898376286051 0.07929034639736088 0.0941954275949013