1 0.4103509175698248 0.5933861668045426 0.12298819990914289 0.1723034683433749
1 0.5414847308896649 0.5590366659937637 0.12356805404758582 0.15358074188232518
1 0.9252743962002412 0.575519413561427 0.1494512075995175 0.2107853157455871
1 0.7824804658516594 0.36794051299223407 0.11082239258219673 0.14867505357072242
1 0.7973408259829963 0.29339448052483 0.11123847241038014 0.1268273271096728
1 0.6773248971047524 0.25639113271558067 0.11690861827193721 0.14565914772652383
1 0.08015440524535282 0.4849829261367381 0.11527087516934213 0.11440914772652384
1 0.07643518373948384 0.3841744025977878 0.11946040818602892 0.13477619480442443
0 0.4496347455889859 0.5223236444834083 0.13828565128862386 0.16632620373287815
0 0.21796426447217848 0.384049897322782 0.12587418249628843 0.13801028896022585
0 0.4398614393936933 0.09710545617180548 0.05729460085908258 0.1102750267853612
1 0.20128029624566982 0.15522546793963304 0.0664239393936934 0.10575116801906326
1 0.797282193011738 0.1878302731385038 0.09701219810012063 0.1234568652591197
1 0.877952338873295 0.2051893226520365 0.09759205223856356 0.10473413879807003