1 0.3811861757329963 0.3549549123403157 0.058922806817133376 0.1541068474022122
1 0.3182146172910099 0.2935731274372796 0.07095915665497757 0.12776253571381496
1 0.3380164228903272 0.09875550527830106 0.04683981818121907 0.08829093262955987
1 0.6540390689952933 0.2494417033324317 0.08674779788867966 0.1374102711033184
1 0.7762589423720877 0.27230073052483006 0.07534664772652384 0.11065685633066594
1 0.10361100609237524 0.6862630081176748 0.09835922808260747 0.2656989123370206
1 0.4786479622608854 0.6328559955390685 0.07816373051823948 0.1825591298696164
0 0.5029556302766534 0.09040939691904018 0.04881142126547413 0.11175570616851019
0 0.15775085552318238 0.5377067313323136 0.11805234496658028 0.141080741882325
0 0.1271805142067548 0.3203379991892211 0.1269909683433748 0.11624438311602718
0 0.029615767453165676 0.6322124821430926 0.05923153490633135 0.17620003571381487
1 0.26847153612085206 0.10075042776159118 0.047139827109672794 0.10547843262955987
1 0.2910556481335609 0.05974359821628643 0.037382997564368026 0.08343979139585782
1 0.3182863498378442 0.023985150569192874 0.04780230032431154 0.04797030113838575
1 0.5752067313323137 0.1570962905883742 0.03998189204448081 0.14284206493480817
1 0.5507715673704402 0.03992202191739254 0.048402318181219074 0.07984404383478508