1 0.7553189205920035 0.5632958502382908 0.0799794960216353 0.16073867694751698
1 0.7213262759389119 0.46268219561190815 0.07365677068745366 0.15437958279171565
1 0.7981251332750027 0.44370609902047475 0.07356586401972649 0.14656708279171565
1 0.80287736262732 0.3039168960983754 0.10143632535009033 0.12518300649282174
1 0.5619330946053664 0.46146279463897344 0.08315904002227174 0.16548072402541775
1 0.6227882312619578 0.5367588494275118 0.09113517202418073 0.17967959172016937
0 0.5974962352403225 0.6957247463432568 0.010065890674726852 0.059538641233702096
0 0.07730465062063849 0.3404807240254176 0.10145450668363558 0.12674550649282174
0 0.6932985365611412 0.7896032057581779 0.16141130935708964 0.17778190097293473
1 0.5394330279678652 0.246182668015768 0.05454314401654479 0.12280230032431154
1 0.47377221264322833 0.18096104261037854 0.04818405601527189 0.11331820616851021
1 0.5042409626432283 0.18149287661991015 0.044968149347544895 0.10545115909060954
1 0.30299718332272774 0.08342970332584113 0.05283519334818117 0.1102750267853612
1 0.21328015531509176 0.13812511160567176 0.06384541868236297 0.1167159415580136
1 0.7860752878740058 0.9420345048646734 0.1433329240133631 0.10091939204448082
1 0.9225813352960017 0.29115957182807645 0.0825408746817267 0.11235572402541764