1 0.4517765114178598 0.6148969281686283 0.11595335868872639 0.1644909683433749
1 0.3711623107494962 0.6038015154245707 0.1289624360279987 0.20845915665497755
1 0.41203966004931586 0.3561628563339613 0.10496131468808993 0.1596125535707224
0 0.7637005153564534 0.1570166497617093 0.10156359468490823 0.13612050649282176
0 0.8628856394016331 0.48816546388573856 0.14713063335454457 0.15878643912238175
0 0.4184849427911761 0.9100691063339614 0.15187267735518084 0.1635557597392328
0 0.5628550833465903 0.08785141274735278 0.0498192813494537 0.11959547970746054
1 0.44484197469763487 0.22040658847705377 0.08415791868236297 0.11707049756436802
1 0.3497203786998621 0.23847652435302455 0.08283177601845368 0.13735572402541774
1 0.1793538820416799 0.30396297686808676 0.09842041335136283 0.1345034594149211
1 0.14155334269572592 0.21163515503341976 0.06829656134627213 0.0964852621748646
1 0.20883174936345314 0.21827489285855511 0.06050224267981754 0.09791139448011288
1 0.27604652136377134 0.21944588068369048 0.07147610534690844 0.10122730925276535