1 0.2935009812618885 0.31094337889343776 0.07137019780928666 0.1453138064207639
1 0.41775185735092757 0.6351465579393754 0.09550637978345566 0.11620818787965277
1 0.3442916252976162 0.6342185311538892 0.11117684389007838 0.11813436379145834
1 0.22694396707612358 0.3414471900638544 0.08783027210332373 0.12071384992375007
1 0.7523484470178639 0.17855759792697978 0.06361988229073816 0.09360583605604171
1 0.7133828869095916 0.12058079055628532 0.05098348997087001 0.08862739532659725
0 0.21007941284034617 0.4911562493344099 0.11883623119538153 0.16671733415618065
0 0.06310526484583909 0.5055609753987154 0.12621052969167817 0.18125261284152785
0 0.08883020163671737 0.8244389151782293 0.17766040327343474 0.21973453780340294
0 0.44874372538939367 0.10738523385118093 0.04210859514371954 0.10559668977951393
0 0.8084954954476535 0.29087706639184097 0.13189852084968265 0.13266964247680563
0 0.934421497954936 0.3156978412774661 0.09306334138279589 0.1395729526972917
1 0.1312737659016246 0.29778614941065984 0.07979045157021036 0.11271951196784738
1 0.07089855555592563 0.33077918094579867 0.06233016693047426 0.10294446846486113