1 0.47775307711881077 0.75 0.09143356496827515 0.246875
1 0.3819420361971527 0.534375 0.10763891832631982 0.21875
1 0.3803398083448533 0.19765625 0.11263395317271012 0.1828125
1 0.1284251334799295 0.2546875 0.11021828130301126 0.203125
1 0.6178150488110244 0.51015625 0.09511907095872499 0.1734375
0 0.6141146738534335 0.67265625 0.13096729092165801 0.215625
0 0.28510673093234234 0.625 0.14034229092165812 0.215625
0 0.22829871414211939 0.765625 0.16501490870767296 0.20625
0 0.12215535234655425 0.7015625 0.1777331635169964 0.2125
0 0.10643612702614355 0.85546875 0.16038197241000382 0.2078125
0 0.7280481990811769 0.62421875 0.10522324645662096 0.2390625