1 0.6447979558358693 0.2982143979153675 0.09787976114786474 0.1494556546785449
1 0.1306629441069267 0.7616000239895004 0.12568768689433424 0.2122283746817267
1 0.5693819646379455 0.5391308465945488 0.11553715471124751 0.13404883068109025
0 0.21444844620061368 0.5956472126432283 0.1295668037225118 0.1560692813494537
0 0.09711311675130296 0.6955301286600912 0.11468448491686281 0.2558147426798175
0 0.0912141339281271 0.2757261586569095 0.09834965471124749 0.13384883601209036
1 0.4688696043429304 0.17515980060473013 0.05964778763096845 0.11622498400699968
1 0.5497753969175774 0.1804734619271397 0.05975704827463026 0.11778748400699968
1 0.7395641526175606 0.2892928365690954 0.08083437278026225 0.12896134134309048
1 0.8150722510084062 0.2845047918921413 0.08533620248167431 0.10403406667727229
1 0.8732671632612223 0.2893008325509599 0.0680394418380125 0.10227157200827239
1 0.9501956500196705 0.30482528787400576 0.09380426634364483 0.11349997334499946
1 0.5139310960450572 0.08159106659773044 0.05128898441265974 0.10832157733927246
1 0.28684407215984364 0.09908929129536538 0.047257048274630085 0.11764203333863613
1 0.3039551625049176 0.07543361529282004 0.04921303218308672 0.07863407733927245
1 0.17043174036474446 0.29044209197963733 0.11346120248167449 0.10436133068109026
0 0.9732096740309348 0.7499559745385513 0.05358065193813033 0.17291133601209036