1 0.610100439984884 0.5486957877391145 0.13077810509226265 0.18178756249917621
1 0.756784995161851 0.46053904301412035 0.11378802616718495 0.1580773271096728
1 0.822257347693865 0.3568879374942332 0.07410389988706037 0.1199227621748646
1 0.7716272871140516 0.29969700040044656 0.09608531570031112 0.09533186525911966
1 0.9229398871564041 0.346914693987055 0.09091196828879475 0.14050799756436802
1 0.1326411108480447 0.3409404200476581 0.12850297355046642 0.14272506249917621
0 0.3128816186699653 0.2674461931795714 0.07941302616718496 0.15747730925276535
0 0.2826550633518237 0.2090473120921391 0.05479245776545092 0.1367557061685102
1 0.40094857899566494 0.057831459818662875 0.04626732622365459 0.09758411201270885
0 0.7153137718231463 0.8234657370077659 0.1791847839891055 0.23570349512873606
1 0.5954798289956649 0.061227015417980216 0.042687299915295365 0.08971706493480816