1 0.2827654073860121 0.63940443022718 0.16271779333095154 0.22741699375348395
1 0.34995862520292537 0.7179521319243822 0.1396080752619368 0.23196813836728972
1 0.6966193658197714 0.35419520071524363 0.09958437278026225 0.1286522408266178
1 0.6488809883479322 0.2992077188656162 0.09010011213660044 0.12703519867214014
1 0.570029368669763 0.2979674057320955 0.09017652179152655 0.15046360831306044
1 0.5831792147148201 0.21050831234795378 0.05666489926336595 0.09560339149054782
1 0.5422210789451076 0.24856684855050312 0.07305472376899794 0.10663179508134402
1 0.2711330467620209 0.3251464875069681 0.11756954827463009 0.1178238251355733
1 0.22007329131413922 0.3623646863755 0.13563113342392397 0.13042381908544912
1 0.25351349404791523 0.18592490622307484 0.11277278763096846 0.11623405405833438
1 0.3234978481387441 0.07925727058625953 0.07483574505632137 0.10976588544042354
0 0.16783308414088768 0.2823408430895541 0.13192697921687963 0.1444590480082102
0 0.5982193426908624 0.11837080932289168 0.07247556956195353 0.12068520472226432
1 0.4850870140747309 0.5514827702916719 0.12091306956195354 0.12096700585373235
1 0.8690735200268158 0.3692667305730811 0.09500613342392406 0.13018746974937906
1 0.926776759383154 0.371165573859027 0.07585194183801285 0.10196247579950315
1 0.27846458154299764 0.2650084182251274 0.09136768119435104 0.10049087939029935
1 0.3525187126211332 0.044255556690613033 0.04943155347041017 0.0815045300542293
1 0.38598677648310353 0.03507145423128501 0.056151447033792934 0.06592498184962739
0 0.8547775291578681 0.8084246793434172 0.11794088887180579 0.1678056444174139