0 0.1739314677240972 0.7320489098373121 0.1530618997458862 0.2679874515990063
0 0.2575468755036655 0.8526972322424108 0.1638929839326358 0.29304199375348433
0 0.4308185045558002 0.7414955909482548 0.14210898919430762 0.2944772287263694
0 0.4043638784168501 0.555648994539051 0.1430498629141832 0.25699540944452864
0 0.546755775743662 0.5985854074014252 0.15671752076433876 0.303934041958086
0 0.8388166601986426 0.33976790184228034 0.1730411998023559 0.20874880698520065
0 0.5617165629283007 0.238220079142594 0.11369702090551304 0.15529655405833437
0 0.45233312862861164 0.3326382205349459 0.14107856826055976 0.16951359016268785
0 0.3320283339044009 0.32005238300453664 0.127213489335482 0.14600336729005098
0 0.24572681285771353 0.3143023527539156 0.10837248407381006 0.14433178298109556
1 0.8738257809347466 0.6724894982514842 0.13877115756780684 0.3444408672900508