1 0.7 0.271875 0.075 0.13203125
1 0.49609375 0.3390625 0.06171875 0.1671875
1 0.7015625 0.62578125 0.134375 0.12109375
1 0.9109375 0.68515625 0.134375 0.12109375
1 0.36015625 0.6953125 0.00234375 0.00078125
0 0.18515625 0.6609375 0.11953125 0.18046875
0 0.08203125 0.76640625 0.15 0.18046875
0 0.27578125 0.209375 0.07890625 0.14453125
1 0.0375 0.37265625 0.075 0.15625
1 0.86015625 0.303125 0.078125 0.109375
1 0.77578125 0.26875 0.06640625 0.11484375
1 0.915625 0.2875 0.05859375 0.11875
1 0.3234375 0.11484375 0.046875 0.09609375
1 0.33984375 0.0421875 0.02734375 0.0796875
1 0.253125 0.11328125 0.0375 0.0890625
1 0.215625 0.1828125 0.0625 0.09453125
1 0.46484375 0.05234375 0.02421875 0.08515625