1 0.5559480773750685 0.6259583514083147 0.1025442587805987 0.1699317866804538
1 0.6356310321955286 0.6261043494191324 0.10244426483072289 0.15274428668045398
1 0.7713311410977644 0.3183293067711316 0.08353063836728972 0.12440111067790856
1 0.1394322221852659 0.46799711668522637 0.11642495159900634 0.13884541868236297
1 0.03751974336070061 0.4066590800047726 0.07085792154477706 0.09456816000954511
1 0.0841877486252579 0.9079943133354543 0.09638516237139487 0.1840113733290913
0 0.5317515323919204 0.495216881405133 0.119559041958086 0.1404442813494537
0 0.7073191589535494 0.46054353142899557 0.11185562626704133 0.1591033746817267
0 0.9353794846782979 0.449153687460176 0.12924103064340428 0.18746473201781733
0 0.3714816529034251 0.4738220447167249 0.15104539129415606 0.18143290802036277
0 0.16891921340466717 0.29960165268936256 0.10085449375348406 0.14803860534690844
0 0.46771928600615764 0.09684246873008799 0.055387457649130487 0.12094884667409059
0 0.5576343389843375 0.9120658373647259 0.18074198165323557 0.1758683252705481
1 0.8896766201187212 0.25017983812058536 0.07094882513557295 0.11019316000954502
1 0.8130595779642438 0.23991395277685856 0.07103972872636959 0.12581816000954502
1 0.21794654498314808 0.13299595536281683 0.05052724082661779 0.09120680267345423
1 0.3245687288245652 0.06392887671067979 0.05053633118569749 0.09276930267345422
1 0.2885630511314682 0.05179195603913456 0.048801114363184704 0.06306362133990877