1 0.5404503424021831 0.6382837116561513 0.10422493344863373 0.18966246369925485
1 0.612988417734148 0.617548509958949 0.07272949375348396 0.14729315651766228
1 0.6031220174630015 0.398848506933887 0.07723518657189174 0.1160704275949013
1 0.7824004513044188 0.3274906156397309 0.0881272347764936 0.10832156010845857
1 0.2616238221105111 0.11645066003370383 0.04744769262201594 0.09871021077238855
0 0.13512703814745697 0.6656426598373122 0.11530787919390759 0.21472609621281222
0 0.06140721613514168 0.48325286153451436 0.11821471057599679 0.17724427693097128
0 0.5114783763652373 0.089996202580965 0.0365647347764936 0.10802157825883121
0 0.6224962697024967 0.9089093081635511 0.16039312021691715 0.1759272166261212
1 0.8429743369412341 0.2646360916356259 0.06942268657189174 0.11602497579950324
1 0.9095578489432865 0.2947185013747421 0.05692268657189174 0.11595225292686617