1 0.33316896477940927 0.6062381726209567 0.0997010599120669 0.21833292401336307
1 0.4034496485226306 0.6108887626114117 0.08879992134838535 0.224455654678545
1 0.4466724076960128 0.7010046852721392 0.0792885659621911 0.2009090666772723
1 0.5280320128858154 0.5469433465945487 0.11944995764913066 0.1216942813494537
1 0.20830025410521663 0.7194023386378194 0.12465560811666876 0.21081132535009034
1 0.6343694130587659 0.262131447247004 0.05699540944452863 0.12877952800763595
1 0.699140440186129 0.273876921904868 0.08972609621281205 0.11509883601209037
1 0.7855183017206433 0.3314616078930958 0.10535109621281205 0.11528064934754481
1 0.3901558047457054 0.3446552352800934 0.09434087334017516 0.10265338001272664
0 0.7862853953011768 0.46816217655955034 0.11337267447164319 0.1513090560152719
0 0.4358632144848217 0.41052513594050277 0.07913402985783762 0.17434656667727227
0 0.48868927439688853 0.19273765193350306 0.061746541958086 0.13977157200827234
0 0.2933080758229443 0.34109497795991095 0.11485336123992677 0.13726473734881744
0 0.324489377249 0.4868160106222293 0.11816016842151908 0.1685511000159085
1 0.9085745275201464 0.2612843732097784 0.06782382513557295 0.11015679734245412
1 0.259465382709949 0.11572280796468344 0.04420451795398091 0.07863407733927245
1 0.2800596838414172 0.06704895062859266 0.03648292154477702 0.09416817067154523
1 0.30761251210024837 0.032720498647364524 0.04727497579950324 0.06544099729472905
0 0.9472627601553409 0.7279900678708241 0.09159766842151881 0.16824201734563574