1 0.7820001882620395 0.4930632439175106 0.09190861827193722 0.14522277110331833
1 0.8424131450685876 0.6311984435931991 0.10850962008095948 0.19390573295387145
1 0.811603558342999 0.6849098246806313 0.11928334577069996 0.19097164772652384
1 0.6270271624814421 0.6693644655072963 0.1119621687014785 0.20021028003177221
1 0.6982537092929387 0.6258951091766304 0.10095606965141819 0.1391364123370204
1 0.5128352719354103 0.14665939691904017 0.031632859565509895 0.12699887662320544
1 0.4677274898232347 0.15135657954860005 0.06460913387576941 0.13069662094116258
1 0.3275738805964091 0.25233051867098166 0.09454229534115868 0.13590231818121906
0 0.7841580732694627 0.22090187175853204 0.08425989258219672 0.1482114034085667
0 0.7046664043408416 0.44984112378712693 0.11666295680654777 0.14097164772652385
0 0.9403854008363683 0.34322906494139876 0.11922919832726322 0.11303756249917622
0 0.8964112483025193 0.5872478461909868 0.13260886137453234 0.177154609577077
0 0.5963547738559744 0.8450599407505301 0.16016065128862386 0.1667080332781829
1 0.2476407191310198 0.24903396915744896 0.08583568068726607 0.08891822402541774
1 0.7636298100404797 0.08285244683960993 0.048499454997525684 0.09138865909060952
1 0.738472679782755 0.05044904992386504 0.04570200361804453 0.09758411201270885