1 0.42493648189164424 0.6211080999363665 0.10845662822814398 0.16675224267981753
1 0.3458827664205195 0.6352984166136387 0.10736402179152656 0.15112724267981753
1 0.1757059322796318 0.35625744863941033 0.08820983020561535 0.12280224801081766
1 0.8240998736134415 0.3939883325509599 0.12189641535490914 0.13568405601527206
1 0.9264925361183591 0.3139548398711423 0.09082137797604233 0.093169292011454
1 0.9130545688825237 0.8410258698679606 0.07074881461827473 0.23032384667409075
0 0.4349502562810609 0.4890677592695939 0.12356817599857095 0.13726473734881744
0 0.2556451685338769 0.48568986262731995 0.11706680372251181 0.15592383068109025
0 0.0476951827838349 0.5141164966581823 0.0953903655676698 0.18426700668363552
0 0.5929155755909129 0.44039280724859486 0.15765895273377595 0.1782533640197263
0 0.7759787199106002 0.23374172322568673 0.10547373986054147 0.14642156134627218
0 0.4545457523457885 0.0860427566040938 0.05997556956195353 0.12091248400699968
0 0.45577766442337764 0.9056734565961395 0.18578395273377613 0.1785806280235441
1 0.050858751589483865 0.31087331799013684 0.07472648441265972 0.10859429734245421
1 0.125880530922579 0.2873625453135009 0.07570983020561535 0.12265679734245412
1 0.7087251539549428 0.07918203990295901 0.053212117332380696 0.09117044000636335
1 0.593979592942964 0.03806997529441088 0.052665814114071986 0.07613995058882175
1 0.6279939600232431 0.02069157129218371 0.05026207995351371 0.04138314258436742