1 0.3503332847708134 0.7731467682606492 0.13828289202736235 0.20393529788867965
1 0.6035811753659985 0.2511116757264057 0.09073518268618094 0.14530459172016935
0 0.37379477271640676 0.37285644196175544 0.10775905068427197 0.1315421006486231
0 0.32295843137331637 0.3001086887153445 0.08917268268618095 0.14527731818121908
1 0.28666803739654256 0.47053423701106123 0.11889654535327185 0.14892051542127546
0 0.27016124271958847 0.3944802516215578 0.11241018801718106 0.12849892126547413
0 0.1801544080601336 0.44602338636243805 0.11882382001909005 0.14267051542127546
0 0.05397316872213381 0.40945286647693574 0.10009200135263548 0.14390573295387146
0 0.18768783410244982 0.757810320209814 0.17569198535963512 0.19677736282348768
1 0.19011756468808994 0.16109896144351596 0.05428860534690845 0.10092730032431155
1 0.20935791335136278 0.1364398806803952 0.05735906134627218 0.09629434740221225
1 0.22364713267822672 0.08904272930042344 0.043223836012090365 0.08979888555165919
1 0.45715052335295364 0.1524814866040241 0.05149086935072642 0.12899775324641088
1 0.46498974801081766 0.08778774106825098 0.03682838534372692 0.07718979139585783
1 0.49885676535645357 0.17898548538620812 0.04340564934754489 0.10542388555165916
1 0.7379198126989076 0.25033220007613494 0.0997465560152719 0.11421823295387146
1 0.8547164140276806 0.21878396549741047 0.08713746801399935 0.1046250446422687
1 0.6691425406985895 0.24678841436232002 0.07954314401654479 0.12323867694751697