1 0.3579896014083147 0.5584802962638264 0.11604426535645347 0.1723034683433749
1 0.49489016474376923 0.5764917309219812 0.11738858935390813 0.153580741882325
1 0.8631327294318591 0.7406998758058359 0.17273061736154424 0.2107853157455871
1 0.7922822380649062 0.49185722686149624 0.10483404535327186 0.14867505357072233
1 0.8345146440563156 0.42932599918263054 0.10614200668363552 0.1268273271096728
1 0.7367487587125888 0.35107253976770947 0.11104768268618095 0.14565914772652383
1 0.0898373960454979 0.3366562946422687 0.11380905601527203 0.1144636948044245
1 0.11997833469922577 0.24188926542127548 0.12498291335136277 0.1349671095770768
0 0.422233367401315 0.5080496481302657 0.13159654002227156 0.16632620373287815
0 0.2580692280394527 0.2950705868489054 0.12033177601845377 0.13801028896022585
0 0.5746738306810902 0.11625938879477478 0.05283519334818117 0.1102750267853612
1 0.3289886133434086 0.07994619317957138 0.062155649347544806 0.10575116801906326
1 0.875574901376498 0.3331873847342897 0.09204314401654479 0.12345686525911974
1 0.9440618193825433 0.3789050336786295 0.09338746801399936 0.10473413879807003