1 0.5662172932346323 0.6972700632559127 0.09015334308955403 0.18853633601209036
1 0.5777956635497453 0.5869865439210946 0.12765334308955403 0.18897268801718106
1 0.18474107601933604 0.4720369899745466 0.12573631908544902 0.12801700668363553
1 0.3899654280858805 0.24310182594686608 0.06807835518980258 0.1539067973424541
1 0.3218512323406067 0.26889271395609293 0.10857609016268785 0.13250451201463562
1 0.44314042506081847 0.23388991060632094 0.05387040944452863 0.12874316534054514
1 0.3900523073779841 0.0938921666136388 0.04920109016268785 0.1318136213399088
1 0.07236431674775798 0.3178863866565914 0.10398858411256366 0.14963746801399935
0 0.6826791271508041 0.41780873524032247 0.11182835518980258 0.15441587468172652
0 0.4836967264868742 0.3795018552673667 0.09616699375348396 0.14798406134627218
0 0.16881661505055576 0.38941539397677377 0.11336358411256367 0.14974655601527206
0 0.09297016989445707 0.8043324166534097 0.14799311416679298 0.19389654535327167
1 0.6979057139938424 0.08327919390518619 0.05998405405833438 0.1053783906747269
1 0.6777977470731338 0.04937055462286565 0.06620678298109546 0.0987411092457313
1 0.6388988735365668 0.024570549291865546 0.05657725292686635 0.04914109858373109