1 0.24088589262413834 0.31043587130013794 0.07770792401336309 0.09932838534372675
1 0.19590065662795633 0.28283812997295577 0.08244996801399936 0.1040704293443631
1 0.12850407129218372 0.3015886773154099 0.062228374681726574 0.1116465720082724
1 0.2974267939608654 0.2847813432925019 0.0625920013526354 0.14289657200827238
1 0.43339791991568566 0.6159666139401846 0.11241018801718106 0.1278533746817267
1 0.351193947247004 0.6317648839513204 0.10283519334818117 0.11055678668045381
1 0.7581835753103192 0.1606860312301411 0.07609088001272682 0.09462270401018139
0 0.576495033935412 0.4690087032543218 0.1477487986950896 0.21106586401972632
0 0.8945183279360485 0.4606213018778238 0.13926358935390795 0.15316245735199913
0 0.24376434993636656 0.46585007729950156 0.13935449602163538 0.16097495735199913
0 0.11849217727563902 0.42356367464990985 0.12064085868872629 0.1638817813494539
0 0.46051878198600066 0.09775241593732106 0.04327838001272664 0.094240896005727
1 0.7152790073201825 0.08853885856941357 0.04469542934436319 0.08175907733927246
1 0.6666602413271822 0.041567145289638376 0.04792951734563573 0.08313429057927675
0 0.09541501989182316 0.7956568506524552 0.17260334802672606 0.19885676535645355