1 0.24039521077335874 0.7819010162353497 0.0919351507001803 0.24842959172016954
1 0.6694788953691801 0.25243033563767997 0.07957950668363552 0.126363676947517
1 0.8078174260820872 0.5907098112879507 0.15365335335772629 0.1823330332781829
0 0.46108678206554243 0.4748622633959759 0.12996131468808994 0.16004893019392785
0 0.6643117794000424 0.4799104533324317 0.12227608402290802 0.17085006249917623
0 0.9087270401018135 0.7342904415646041 0.16290108402290784 0.17155917451188502
0 0.9288913527211793 0.8580864517108739 0.14221729455764134 0.14483303327818292
0 0.7035775581237671 0.8996229354755243 0.17832608935390812 0.15464440990138825
0 0.8731129727084526 0.2926347755741358 0.10000109468490806 0.13609323295387146
0 0.9356589733847702 0.3626512207855973 0.12825336401972648 0.14752165665497757
0 0.07176120007158762 0.5261982613640857 0.1330135893539081 0.1538534772718286
1 0.2185692813494538 0.11495897808590275 0.04327838001272673 0.0944863855516592
1 0.47147665268936256 0.15899180154542283 0.04518632535009015 0.1242011590906095
1 0.5089402900222717 0.15521223661061467 0.04967383068109008 0.10709547970746054
1 0.744124359365044 0.22065245576806367 0.07449201734563574 0.09190685633066602