1 0.3796875 0.7125 0.071875 0.1953125
1 0.44609375 0.64765625 0.08828125 0.1609375
1 0.33984375 0.62890625 0.1 0.16171875
1 0.48046875 0.32109375 0.06640625 0.15625
1 0.25234375 0.309375 0.11015625 0.11484375
1 0.73359375 0.36875 0.08984375 0.1078125
1 0.82265625 0.359375 0.084375 0.1484375
1 0.55546875 0.1234375 0.046875 0.109375
0 0.4953125 0.128125 0.040625 0.11484375
1 0.53046875 0.11875 0.028125 0.103125
1 0.27265625 0.134375 0.03984375 0.0984375
0 0.64140625 0.47265625 0.09453125 0.15625
0 0.92890625 0.41328125 0.10234375 0.14140625
1 0.89921875 0.26640625 0.0625 0.0984375
1 0.26875 0.0796875 0.04609375 0.0671875
1 0.303125 0.0359375 0.0375 0.071875
0 0.6765625 0.85234375 0.13671875 0.18984375