0 0.07352069748052861 0.687778463879148 0.12763281017246647 0.2598307418823252
0 0.12598210980547214 0.8372523583592608 0.13374156906380663 0.3239477889602259
0 0.3246807830886705 0.7343842771891029 0.11495302770747777 0.2892727800317722
0 0.3404085986378204 0.5477882581143796 0.11782116252983137 0.25029210064862306
0 0.4711641389606919 0.6110576456946337 0.12781690074300692 0.2973034683433749
0 0.8180349466519591 0.3989663433384319 0.15448210049533806 0.19941143912238157
0 0.5672987001666158 0.25932359618110096 0.09910108767505647 0.15004663879807012
0 0.43862358250776995 0.3360479630650738 0.12617300992479735 0.16144778896022577
0 0.3219647754356754 0.3058638108743231 0.11421666542531543 0.13938187418757347
0 0.23913515881028688 0.2879984265404799 0.09539389081820956 0.13749209172016935
1 0.7767527053384115 0.7313288299457513 0.10641708974197109 0.3406443652591197