0 0.14637834780924933 0.11537776379971769 0.11185689204448095 0.1440966477265238
0 0.25439935349129217 0.14629475284266907 0.11240236282348777 0.1753466477265238
0 0.3827055856343847 0.17841968587926602 0.12032395697928919 0.18173301542127546
0 0.43135554545634286 0.25489068263285514 0.12462962743398442 0.1599398360381265
0 0.645317265020829 0.659625226871382 0.14471603084255094 0.2368296185055307
0 0.6755190081209701 0.5849019164008007 0.12226828652459396 0.20363528896022592
0 0.7628984569858798 0.769257551141681 0.1550535129856435 0.2026455332781829
0 0.8298189500860209 0.6938933125057668 0.1456785129856435 0.2024818920444808
0 0.1851782004897626 0.39820785470910824 0.12646486282348773 0.1755921095770768
0 0.1325968969190402 0.5022192447249942 0.13816602191409727 0.21953302434972918
0 0.11114818547222893 0.20971414488715 0.1273182508107789 0.13499438311602718