1 0.7356102171373442 0.7330378182016862 0.11910220798203355 0.18971700585373252
1 0.35620539309857635 0.26920555971567517 0.07505954210278443 0.13634656615858276
0 0.6119494508104575 0.34567819788657317 0.09482640507947586 0.12083974082661779
0 0.6427331701404183 0.26540489060678496 0.07511410580511538 0.13790906615858275
1 0.7217361677781657 0.425207137483527 0.1047470421027846 0.13651928298109545
0 0.7182540145127883 0.3478588423039872 0.1009127139724832 0.11618860226293633
0 0.8193998522617363 0.38125312528508276 0.10452878729346082 0.13026928298109555
0 0.9407366497219982 0.32181501365237253 0.10145835099579159 0.13181360226293623
0 0.890250587918584 0.687853104109648 0.1577281983633867 0.1774442648307229
1 0.7370858269491748 0.10426792358788053 0.043953385842182155 0.09554884933607007
1 0.7121577488188736 0.08381452302214645 0.0469146947351895 0.09087953005422929
1 0.6849578425582714 0.04303953209733276 0.032415685116542824 0.07829771682251274
1 0.4745238287632733 0.14570040290342512 0.03717759618646852 0.12519089754067197
1 0.45049356252120454 0.08385438787631048 0.027619057711881112 0.07514544574527389
1 0.4413492302145521 0.17987541500367354 0.03172620435383635 0.10328862646343313
1 0.22504716233587002 0.29343742437344744 0.08953870435383653 0.10362496974937896
1 0.10365331197305035 0.2841391715447771 0.07827382213985135 0.09418633723582168
1 0.29166174346139606 0.27742205981387097 0.06810021397248338 0.11599770472226431