1 0.9454610331175364 0.3897470762923033 0.10907793376492733 0.12071369480442443
1 0.7996219511023138 0.17712257101729753 0.07540585969555132 0.12622730925276526
0 0.7096441858164557 0.4979787674465751 0.13210152866891214 0.13814665665497755
1 0.6850951719762912 0.4319719379012703 0.12448002965749509 0.14269778896022595
1 0.6116603305695287 0.39243610510955473 0.08997769566510634 0.1389727711033184
1 0.4729638809872706 0.6289076189092724 0.12887836958138302 0.1740023360381265
1 0.40313154205196594 0.6011450831954575 0.09861786661563361 0.15942163879807011
1 0.21678954646340923 0.22393988068039522 0.0730793557412186 0.10745003571381498
0 0.4027721033069417 0.49652576704283324 0.12397069368794007 0.13019778896022594
0 0.4453495810638203 0.3918752232113435 0.11548703163466154 0.15190914772652384
0 0.7897800133830539 0.4720532414719928 0.11535969764227279 0.14878414772652385
0 0.817805559809282 0.2976668960983754 0.12014535672980173 0.11295574188232518
0 0.5428506862735663 0.10237812093786729 0.051268022737412974 0.1086307061685102