1 0.73828125 0.29140625 0.06875 0.09296875
1 0.78125 0.259375 0.07265625 0.096875
1 0.84921875 0.271875 0.05234375 0.10625
1 0.6796875 0.271875 0.04921875 0.1390625
1 0.56953125 0.615625 0.10078125 0.11875
1 0.653125 0.6234375 0.09375 0.10234375
1 0.21171875 0.19375 0.06796875 0.0875
0 0.41640625 0.4828125 0.128125 0.1984375
0 0.09921875 0.50625 0.12578125 0.14140625
0 0.746875 0.446875 0.125 0.1484375
0 0.86875 0.3921875 0.10625 0.153125
0 0.50390625 0.1015625 0.034375 0.090625
1 0.24921875 0.1171875 0.03671875 0.078125
1 0.29296875 0.053125 0.03828125 0.10546875
0 0.91953125 0.7609375 0.15546875 0.184375