1 0.5481224627172961 0.7642184217308338 0.0811237767345796 0.24872974715020835
1 0.6398412883438487 0.551538543406077 0.09813855991206673 0.2194422906531944
1 0.6331948159621911 0.21471069063253526 0.10417948165323558 0.1836502610179168
1 0.8866788851458359 0.28232099040378544 0.10117265632127079 0.20389002583555565
1 0.40217766188041554 0.5178856695466323 0.08693743949875792 0.17387521751493046
0 0.4101543092246958 0.6805493237069448 0.12154878883482798 0.21530030452090293
0 0.7380384147090859 0.6467802678548618 0.13093287919390767 0.21708101006798622
0 0.7982360922057914 0.7895684863197229 0.15431583703942983 0.20825152393569474
0 0.9033412278426066 0.7295232987244105 0.16841469847574828 0.2148288322563195
0 0.9225260024358869 0.884701761205348 0.15494799512822616 0.20839699430041705
0 0.2957963725546082 0.627113239550764 0.09356923458010194 0.23964568787965276