1 0.46587162258431364 0.58125 0.12351970752810448 0.19375
1 0.4109029382879137 0.49765625 0.11443386760421674 0.1625
1 0.28007740813612686 0.3546875 0.09274986859279988 0.1671875
1 0.5248858893530466 0.265625 0.06590352570316256 0.121875
1 0.704257712965312 0.21953125 0.06966519566510634 0.1375
0 0.5575007766917457 0.1265625 0.06784802768032883 0.13125
0 0.25802326638598444 0.86796875 0.1802790434976597 0.20625
1 0.34658713441013067 0.2421875 0.08258168973360736 0.109375
1 0.13530471349678463 0.6171875 0.1632533695813831 0.171875
1 0.804182117109925 0.16015625 0.07145318874502422 0.1046875
0 0.814582400721753 0.31953125 0.1098737015966055 0.165625
1 0.8467635479462838 0.22734375 0.07113485376405251 0.096875