0 0.159375 0.28359375 0.10859375 0.11796875
1 0.20703125 0.19765625 0.05859375 0.10234375
1 0.10390625 0.3375 0.09375 0.11875
1 0.34921875 0.4078125 0.08984375 0.1296875
1 0.40859375 0.528125 0.09140625 0.14765625
1 0.49609375 0.4640625 0.08359375 0.12421875
1 0.47421875 0.39296875 0.08125 0.14140625
0 0.86015625 0.72265625 0.13984375 0.18203125
0 0.73203125 0.515625 0.12890625 0.159375
0 0.52578125 0.43671875 0.10625 0.1125
1 0.25546875 0.11328125 0.03828125 0.08515625
1 0.27421875 0.078125 0.03203125 0.10390625
1 0.3296875 0.04453125 0.059375 0.0890625
1 0.54921875 0.16015625 0.02734375 0.1203125