1 0.37774954460235893 0.38984375 0.11111465940862689 0.1671875
1 0.5527268125490477 0.3890625 0.1036371285298145 0.125
1 0.6556676076136249 0.46328125 0.08185305674305994 0.128125
0 0.8063579294003796 0.46015625 0.14338159012915455 0.1484375
0 0.9346245356622681 0.3765625 0.13075092867546373 0.128125
0 0.9571007608205526 0.49921875 0.08579847835889468 0.1296875
0 0.8547713826864497 0.24453125 0.11044941818411544 0.090625
0 0.1157389410788621 0.5140625 0.12008048244902274 0.153125
1 0.2098058751646022 0.31015625 0.07924488229073816 0.0921875
1 0.3439391827655919 0.275 0.08323370031656907 0.121875
1 0.4515805350354475 0.16171875 0.03683006175762493 0.084375
1 0.40908915815498564 0.178125 0.045779164423191784 0.1234375
1 0.7084239169304742 0.1015625 0.04303459765100204 0.0828125
1 0.6879833847980207 0.0703125 0.056125631037097 0.103125
1 0.27410405588513004 0.29140625 0.07702916442319178 0.1234375