1 0.4592783517135821 0.57379729527373 0.12713296279135697 0.19671246268299925
1 0.4078671299365505 0.48920466661363876 0.11828375244707061 0.1669340560152719
1 0.28320689191744997 0.3437205386298653 0.0980803798517325 0.16982269867918126
1 0.531959361247411 0.2603245939290487 0.06993553248413757 0.12420111600890867
1 0.7133804868379741 0.21835362790423168 0.07355160580511537 0.13829997867599958
0 0.5693179735911302 0.12155244792332172 0.07020835099579195 0.13201361600890865
0 0.2401390044308053 0.8561483606381376 0.1838740361123347 0.21142949069063519
1 0.3543601509031246 0.23269158461968398 0.08512402286549073 0.1118829293443631
1 0.12731158909971035 0.6018886693189097 0.16704863466105585 0.17687267735518084
1 0.8153497254052287 0.1616758192234596 0.07402283175849825 0.10706816000954503
0 0.8193254411918105 0.3202877505570051 0.11521331614940138 0.16846019334818116
1 0.8552505283077864 0.22998946721836894 0.07375001324684405 0.09925566000954503