1 0.36466865178700886 0.19120327956324998 0.044069374187573465 0.10805793969514968
1 0.6764678534945874 0.6360310079950319 0.13052507142762976 0.13824540944452862
1 0.8955530442418222 0.7076252486252579 0.14823076866768617 0.16803290339440444
1 0.7331890064961171 0.385554285024199 0.08801028896022593 0.11924996974937896
1 0.7926827832814783 0.33433267348968465 0.07540119480442442 0.11292724687674198
0 0.07927484821628641 0.29267837939029934 0.0943693831160272 0.1255363311856975
0 0.19160547849293982 0.3925607256031115 0.09612279788867957 0.136482921544777
0 0.5316753250843732 0.47110946906200796 0.097794392044481 0.1427420119038567
0 0.6994940706201463 0.48068043266306687 0.09741256249917622 0.12086701190385654
0 0.8723315527632387 0.5160644625209044 0.12435689204448082 0.1428965480082102
0 0.5124387609636392 0.856974246189371 0.16267509821299128 0.1899897166261212
0 0.2848728685121212 0.8236158037637468 0.15168305113509045 0.18680108411256385
1 0.27642040381560373 0.09927433391617195 0.04700345941492108 0.0971386204133089