1 0.44893555122251083 0.5690888049420971 0.10406778154634874 0.19742042154477701
1 0.24579618385508478 0.6897654401861291 0.1379514586155702 0.18824540944452864
1 0.4669087025111347 0.4049717627876195 0.11838923111680728 0.14283291549465282
1 0.35366507406243225 0.3900103590004316 0.10334408525525038 0.12400110226293633
1 0.40283291440606533 0.345987648228043 0.07990658525525038 0.12386474687674198
1 0.5824761488022331 0.3308843021134268 0.12184842378986112 0.11942268657189174
1 0.7167216740170037 0.30276787159165924 0.0982471494796016 0.11616133118569749
1 0.7791088093631112 0.34926562168985514 0.11913285956551008 0.12721700585373244
1 0.8833868735874624 0.3564690676315208 0.10901423111680728 0.14277837334017515
1 0.8554942469477822 0.2925883748131131 0.09890889077317447 0.09898292154477702
1 0.6255345092722541 0.1798985190341354 0.0919905054270668 0.14580337939029936
0 0.5513412562200364 0.47789565749962104 0.12010886137453217 0.17564541549465282
0 0.46159052295552244 0.8939160881195845 0.17174660447712728 0.20718630698520074
0 0.8584146132991555 0.847870772451981 0.1916496687014785 0.1994919816532356
0 0.6076210702172451 0.05972691959986946 0.05836577792830404 0.100309072208707
1 0.8634572331529723 0.23006110373587427 0.08838082654882307 0.10673178903121974
1 0.3709908514249095 0.08922001864135194 0.04899077792830413 0.10025453005422928