1 0.3974559128294787 0.3409217079487751 0.11994702090551304 0.15597837468172662
1 0.43351596821820737 0.20838138060950265 0.07419490514873246 0.12109429734245411
1 0.47902588929312967 0.18439844060313929 0.05424642619541977 0.12710794000636333
1 0.69967158923666 0.24124623524032246 0.07592400512049746 0.15078179734245412
1 0.7164466494635375 0.5561081665738679 0.13335707352223167 0.17174882535009015
1 0.25224545449933045 0.8007341546387738 0.15034715244730928 0.1953681386855443
1 0.19985693089239426 0.7200386853119101 0.13302387357870132 0.11241018801718106
1 0.18440988125944754 0.33401936931095555 0.08284186305535757 0.10870338534372674
1 0.07969156015629042 0.3883988813255913 0.08458637357870127 0.11184656667727229
1 0.22230472340929208 0.286671654638774 0.06254477360693614 0.08192270934118148
1 0.29390670762427656 0.28114781329568356 0.0884548262236546 0.09783861067790856