1 0.33288719706624387 0.5414018904196278 0.1254838052100677 0.18017051542127546
1 0.19815478618904236 0.4460057954530476 0.10883996071058574 0.15802278003177203
1 0.14450970947224068 0.33873303774240987 0.0695205955329393 0.11830571509696393
1 0.20252557072094568 0.2850137483751469 0.09335620181924557 0.09374209172016937
1 0.04590954363264045 0.32371991801906325 0.08765416542531546 0.13891822402541765
1 0.8339531991331585 0.35936805518898496 0.1252269400324213 0.14113528896022592
0 0.6642272040955571 0.27665319236549724 0.07595468610347993 0.15588753571381497
0 0.7012948645584739 0.2194407102224047 0.05164389081820957 0.13672843262955983
1 0.6014683006619538 0.06288497280430641 0.04357452564056317 0.09755683847375848
0 0.1945159400369305 0.8095188705341254 0.17319786724456102 0.23252394805083548
1 0.40708259987616546 0.05636441720498908 0.04008565260503385 0.08968979139585782