0 0.8262404173624308 0.23559451463020764 0.12169577488562525 0.12932643692972237
1 0.7696618026210418 0.15561738032152714 0.06969686379145834 0.10937630642076393
1 0.8875422464846183 0.2834131123697562 0.10607077488562525 0.1289627610179167
1 0.6513885005686808 0.3803654200247911 0.104762848023889 0.13986389342673622
1 0.6058604078631256 0.5064928153513885 0.10828789152687505 0.15712412860909736
1 0.5115824245806253 0.45240668702663156 0.09680487765916687 0.13343205547083342
1 0.5255163315907294 0.37938676111482594 0.09720492116215276 0.15061955547083344
0 0.1784666789490284 0.7493791381084026 0.15919708130638904 0.19735039152687506
0 0.282786583774931 0.5296459067257636 0.1461515674386807 0.1736219507974308
0 0.47896929312173653 0.4281522226458329 0.11846167211208343 0.1245662017473613
1 0.7123383054708334 0.07722092980843691 0.04734908510611113 0.08855466014423614
1 0.6896814022604515 0.04886705238515597 0.043097996200277856 0.09773410477031194
1 0.6298154397795139 0.03213447388010392 0.06900587955902786 0.06426894776020783
1 0.424948714665139 0.15582393417683993 0.04033667211208343 0.12274782218833336