1 0.5009168068138381 0.6315251724285398 0.11689894805083548 0.16316359621281223
1 0.4215020422033414 0.6476137807416004 0.13016260714144484 0.20698631908544912
1 0.3734428230491877 0.40099331079582967 0.10587962743398434 0.15841246369925485
0 0.6353528932622969 0.097095109393215 0.10234552434972918 0.13495678298109554
0 0.843373493503883 0.3763821127128647 0.14803985389503396 0.15709540339440445
0 0.5707652512112255 0.9178666725267357 0.15275462743398444 0.15868517447164338
0 0.42207164326229696 0.09833594340758282 0.050510288960225934 0.11903180113146816
1 0.3577342280826074 0.2620080788480064 0.08483074188232517 0.11610678903121974
1 0.274204707790068 0.31093645823830574 0.08362279788867957 0.13641019867214013
1 0.1364064732113435 0.4289375453759316 0.0991932508107789 0.13337610226293642
1 0.06869109334172718 0.3543238856368153 0.06885118587597075 0.09570338544042353
1 0.13482460795222379 0.33831254537593153 0.06106595941492108 0.09722043364502539
1 0.19853255194586933 0.3176273406536672 0.07205800649282175 0.10040906615858276