1 0.10865838514791737 0.26682108157389967 0.11616256249917618 0.1223034683433748
1 0.3021880170461286 0.10374220332584112 0.07405688311602718 0.12625458279171564
0 0.3126759090939048 0.44309107548481974 0.13052507142762995 0.13973643019392784
1 0.35196628003506736 0.38594677718910303 0.12279439204448091 0.14428756249917613
1 0.4311998125024714 0.36857409090609516 0.08833757142762995 0.13900004464226878
1 0.5085263770335379 0.6395372017009879 0.12802736282348767 0.1756193831160271
1 0.5813189947282895 0.6329929212621789 0.09806712743398442 0.1594761858759707
1 0.8493555231352087 0.320387375805836 0.07216710064862326 0.10747730925276536
0 0.6073241615295368 0.5310719111159091 0.12257620373287814 0.13178756249917606
0 0.5905651298729115 0.41668212864850507 0.11511825973923262 0.15196369480442443
0 0.24241400203189017 0.3941938794625792 0.11350121266133195 0.14881142126547414
0 0.25646068547222894 0.21625979423523162 0.11915119480442452 0.11454551542127547
0 0.5662777905850789 0.10678893140844858 0.050319374187573374 0.10865797970746054