1 0.5120131576418353 0.3581345047342242 0.11673119665368965 0.14347837468172653
1 0.357758033649009 0.5585873960454979 0.12046369171077372 0.12009541868236298
1 0.09900116307904275 0.37909770134468135 0.09460152866891205 0.13697383601209037
1 0.8438123028891997 0.2604809914464948 0.07932935574121842 0.10712270401018138
1 0.8374070884781941 0.42907645011135853 0.15110619665368966 0.14387836401972648
1 0.9661555350947026 0.40803833879690304 0.0676889298105948 0.1290704293443632
1 0.5200299515966055 0.17159756806967863 0.07084569368794007 0.12888861600890866
1 0.32780530091203347 0.245106151376498 0.07814885771838505 0.11647952267663593
0 0.751010696159398 0.14851624610117717 0.0845261917107738 0.11967724801081765
0 0.3662695065001527 0.8249663740451798 0.18091571345960364 0.2238749466899989
0 0.18178441855343125 0.80095506735359 0.199312886387297 0.25376244135899884
0 0.14005322189974162 0.6583493966820447 0.18971771049385405 0.20992153469127164
1 0.8150559501137307 0.16800259010976767 0.06794618676785795 0.09605793467536325
1 0.7994972757031625 0.13112020810785868 0.054074687756440906 0.10058180267345422