1 0.46328125 0.38949220853289335 0.0625 0.15192611436318462
1 0.6328125 0.6369434045727548 0.103125 0.19434996369925486
1 0.11796875 0.35790742788948887 0.1 0.13651928298109545
0 0.5375 0.4226541664766115 0.0921875 0.16616133118569748
0 0.46171875 0.263720048891973 0.0609375 0.1316045240041051
0 0.5 0.10021608509452233 0.0640625 0.1331852047222643
0 0.76328125 0.4908718595896067 0.1125 0.17409200585373236
0 0.8171875 0.61165199220136 0.1375 0.16017495159900647
0 0.95234375 0.7757094261409729 0.0953125 0.1693045119038569
1 0.90625 0.3173838417338217 0.090625 0.13490224082661778
1 0.8921875 0.2588719049655383 0.109375 0.1303238251355733
1 0.63125 0.04355806069763378 0.05625 0.08711612139526756
1 0.68203125 0.048109205311439515 0.0640625 0.09621841062287903
1 0.41484375 0.1077427596643615 0.0453125 0.12213862041330889
1 0.27265625 0.2866949823406067 0.06875 0.12227497579950324