1 0.3632464512062229 0.39057481250247145 0.11506243949875791 0.1738659683433748
1 0.5381873638722053 0.37736392614003333 0.10544199980360816 0.1315148271096728
1 0.6424935896717086 0.4443002357998358 0.08513859016268803 0.13272277110331832
0 0.7924299571581512 0.4307444760606032 0.1462124455488823 0.15722393912238158
0 0.9223714663315334 0.33784213555824977 0.14139768052176754 0.1352671185055306
0 0.9496283370394298 0.4600074618571436 0.10074332592114033 0.13617505357072252
0 0.8349118520665446 0.21201206696999364 0.11149201190385653 0.09724892126547413
0 0.10545265280522927 0.5325885831987527 0.12278403590796176 0.1583773360381265
1 0.19330158986810028 0.32244024147858336 0.08180451190385667 0.09673072402541774
1 0.32587319535249043 0.27871574066780447 0.0866556383672898 0.1249375446422687
1 0.4306465328828997 0.1573435267886565 0.03955337939029953 0.08505683847375849
1 0.3885681171918551 0.1768299123403157 0.0491556383672898 0.1242829797074605
1 0.6849067860061576 0.07946043993975108 0.044240879390299345 0.08513865909060951
1 0.6636357740041051 0.05110409659308098 0.05842155405833438 0.10220819318616196
1 0.25723682484098565 0.29944702638161946 0.08041472872636941 0.12639095048646726