0 0.16642247416444436 0.09607230015249986 0.106325348023889 0.13990026101791675
0 0.2725627181805207 0.13186237015663171 0.10392769984750014 0.17107752583555563
0 0.398161477014236 0.1703228452710066 0.11344817021222235 0.17754573138263902
0 0.4424004798640276 0.24893750133118017 0.11606402393569457 0.15574346656500007
0 0.6318545316320481 0.6638318834556591 0.13343466831236128 0.23110714247680572
0 0.6663581246219439 0.5904119140408675 0.11395731648875014 0.199420731382639
0 0.743171278497916 0.7791457992994785 0.14513458130638918 0.19702308320625014
0 0.813557820101041 0.707233125287534 0.13575958130638915 0.19680487765916688
0 0.18867345497840246 0.3813369997156596 0.11951633225631957 0.16987870174736122
0 0.13009592914284682 0.4826462329981596 0.1299459924005557 0.21540940729444458
0 0.1259955362847915 0.1891508061364235 0.12173214247680564 0.13088893692972237