1 0.54296875 0.36807130478524314 0.103125 0.1393000535707225
1 0.64375 0.60967419804754 0.109375 0.11440914772652384
1 0.93359375 0.5139521895228281 0.08125 0.13423072402541755
1 0.2484375 0.17308649269310403 0.06875 0.10432503571381498
1 0.2140625 0.3381114748361965 0.1375 0.13677507142762996
1 0.0703125 0.27153980925276533 0.1078125 0.12375687418757346
1 0.5796875 0.18511848295057615 0.0578125 0.1275716209411626
1 0.74609375 0.31458561484878733 0.0671875 0.11367276217486459
0 0.36328125 0.09305984780595404 0.0734375 0.11690685633066597
0 0.571875 0.8646696152558245 0.159375 0.2168444009729349
0 0.7546875 0.8870729005658976 0.175 0.22585419886820474
0 0.82890625 0.7722811124131553 0.1703125 0.2014103157455871
1 0.29765625 0.09191435917003976 0.0578125 0.09319662094116259
1 0.32109375 0.061073462254294865 0.04375 0.09920115909060953