1 0.6463728685954242 0.5844344700827235 0.1415027868586199 0.18588405068427197
1 0.5761766918512385 0.7803458594048148 0.15067752775932136 0.1828681386855447
1 0.46323209669619914 0.4675453200588609 0.07806204811738696 0.14611247867599958
1 0.5333350431801414 0.42854700206872415 0.07926360271317864 0.16486247867599957
1 0.5081464736249547 0.340038485399406 0.08188795496493206 0.15708634134309046
1 0.333364123994095 0.4754021787078163 0.11021321406423076 0.16053860534690845
1 0.26036791255075786 0.44488742803149856 0.08477312307124434 0.12901588534372674
1 0.780262503082319 0.31041680943663164 0.06245803207825773 0.09752952800763603
0 0.71840764342931 0.10047818809672282 0.06794656847545255 0.11008407200827235
1 0.7864858173957183 0.1395230541056315 0.04915699568106326 0.08488407733927246
0 0.7646806685677376 0.15254067476922256 0.0631589389258032 0.108467028007636
0 0.8149193028977489 0.24212134277526776 0.08649630937615385 0.10717724801081766
1 0.11504851326135179 0.28472099267981754 0.08759773442229637 0.12436474801081765
1 0.24677008019564478 0.24487833736472586 0.10524630937615384 0.10739542401336308