1 0.2873653651920833 0.6310431040340438 0.08491957352223149 0.1711852040101814
1 0.360203625715427 0.6350135360439071 0.0832506577089811 0.19614884134309046
1 0.6200743654744321 0.33824072274822353 0.10266851564384112 0.15421588001272662
0 0.32049305247554416 0.1676805853755435 0.0673078683170294 0.11008407200827239
1 0.5625286340314577 0.19469926074154204 0.051409852532014 0.1052147586728179
1 0.5177089576948637 0.21603791140195136 0.05212248407381015 0.1442590773392725
1 0.8001112049934406 0.29271168877304055 0.06336382096198286 0.09598520934118149
1 0.720340405007558 0.27694978142899557 0.07512036831702958 0.11017497867599957
1 0.8747233390954856 0.40756507678226744 0.08640647881213823 0.1430965666772721
1 0.8122449968750539 0.5278497574394951 0.10644596302712266 0.13864542401336308
1 0.9431170233245876 0.8387065361234487 0.11376595335082484 0.14531359468490807
1 0.49084449389128204 0.89417145472627 0.16037459983059071 0.17987040802036275