0 0.698526115446862 0.5924106059203336 0.09387390999505119 0.1827227711033185
0 0.5714479590698553 0.6746446331127319 0.12544481456303558 0.2191784683433749
0 0.23776899988845832 0.6555268457773591 0.11656778154634875 0.19872960064862308
0 0.18747134950434555 0.7946205734562248 0.13391905585660827 0.20215460957707698
0 0.092186504976841 0.7327460905023534 0.16254202283992147 0.1823603068171334
0 0.07233650893356988 0.9087301176947516 0.14467301786713976 0.18253976461049676
1 0.33577596845365126 0.2029160888775003 0.10111319990914289 0.17192163879807004
1 0.6819926334255435 0.758680488225582 0.08958920171816516 0.220113676947517
1 0.43787414122745955 0.761457066149329 0.10242339439121899 0.19692163879807012
1 0.33934586725588434 0.5376592816533299 0.09032618611433305 0.23417617694751697
1 0.5616679245828307 0.518080987414803 0.09255707146044045 0.18738299756436802