1 0.76276793946253 0.6074053746167214 0.0884325613400783 0.16141928903121966
1 0.7497098895551974 0.5019911667711991 0.08196430653075489 0.15513292759490122
1 0.8285615758528664 0.49996960363767845 0.08169148801910069 0.14732042759490122
1 0.8613418156012473 0.36459518501976756 0.10754465988879928 0.12716246369925477
1 0.5929316106992568 0.4653956574996211 0.0917212524470706 0.16612496974937904
1 0.6381746780297847 0.5526502178044714 0.10158732576804841 0.18024201190385672
0 0.5816667616023814 0.7022280369881162 0.012956356986241601 0.05787613251355737
0 0.14048862386128264 0.2414193646577723 0.1075992235911302 0.12872496369925476
0 0.6574703481702031 0.8143098804704539 0.17028276206571746 0.17907948770335977
1 0.6136086653310949 0.25195078103618795 0.06212303248413757 0.12377384328594587
1 0.5616344483633867 0.1733308773471959 0.053928586567821665 0.11279089149054773
1 0.5915674850238755 0.18018941052468315 0.05058533175849824 0.10652271077238851
1 0.41343750662342205 0.04810063583320702 0.05812501324684405 0.09620127166641404
1 0.3143650895630465 0.07396772336361626 0.06971727767481414 0.11756929508134395
1 0.7173959635939651 0.9639917179026674 0.14754961179556503 0.06490790339440444
1 0.9682291887447398 0.37877533880695546 0.06354162251052031 0.11293633723582168