1 0.552777482831586 0.6065843798663211 0.0917067527304745 0.18751936525911966
1 0.6656718716898551 0.8093565982096959 0.12464651775758924 0.20996710957707698
0 0.538843289620395 0.31568664447681766 0.06964994554888211 0.15588753571381497
0 0.7427773315784809 0.18016970454036182 0.0742374515990063 0.13878185633066598
0 0.7202695098607532 0.5571588985340075 0.12435562626704133 0.159967109577077
0 0.7907087540070208 0.6708998445562478 0.15875789734428025 0.16525462743398442
1 0.4499433743221338 0.5547843262955986 0.12907948770335978 0.16629893019392786
1 0.3938944039835796 0.25065020535443605 0.08045109016268785 0.13264095048646726
1 0.3282057714700223 0.26044221671852175 0.08664654800821019 0.1233750446422687
1 0.18604554254726116 0.2532728246740408 0.07265677088084713 0.13562958279171564
1 0.11425690095851752 0.23717449188232517 0.08197722872636941 0.12641822402541775
1 0.24853645218818157 0.2559262662320544 0.0975931383672898 0.12512845941492107
1 0.49787844291660355 0.10479400892515844 0.053806776930971266 0.11811480032431154
1 0.8884387686413519 0.3913271672016938 0.10069086729005079 0.12049550649282174
1 0.7905472110669761 0.1614702974783472 0.050663596212812224 0.11493525324641088