1 0.37265625 0.45494223903965614 0.090625 0.16720686525911965
1 0.415625 0.3603797613607904 0.0875 0.12965231818121908
1 0.4640625 0.646381491068251 0.0875 0.18746481818121907
1 0.41796875 0.546358171669216 0.0828125 0.14988299756436801
1 0.2546875 0.6794455868489054 0.1078125 0.20656937418757337
1 0.0890625 0.3109295917201694 0.059375 0.11509889448011297
0 0.5140625 0.17537924431466184 0.0453125 0.12422843262955988
0 0.5140625 0.09881674431466185 0.0453125 0.09766593262955987
0 0.30625 0.15612686363426664 0.05625 0.11973184740221225
1 0.36015625 0.04300530072805337 0.0515625 0.07433752678536122
1 0.2359375 0.5033370543815014 0.0921875 0.17348413879807012
1 0.61640625 0.6091969111159091 0.1265625 0.14752165665497757
1 0.871875 0.3370936347342897 0.0828125 0.13113299756436803
1 0.78984375 0.3200367739393969 0.078125 0.11855117694751698
1 0.71796875 0.3125321911476812 0.090625 0.12658186525911974