1 0.4598172178652716 0.5818978771508042 0.0918976156156063 0.18328519867214013
1 0.3200553098033546 0.7585518016224475 0.12589318401734034 0.20378859621281223
0 0.5152657681335027 0.2994484706331418 0.06985601564384111 0.15347952400410508
0 0.33159017619541975 0.12467625049097933 0.07354245776545083 0.13631929508134394
0 0.30108768899666355 0.49998077752014647 0.12610601564384122 0.15380677693097128
0 0.2153237652203182 0.5973875635263042 0.16066302616718486 0.1571317648307229
1 0.5690256178935064 0.5515649616561513 0.1295950366905286 0.16007495764913066
1 0.667215405007558 0.26495932026379937 0.08089993145709151 0.128552246876742
1 0.7310349813017998 0.2872519559006147 0.08660389988706055 0.11921360831306042
1 0.8729795575960416 0.3090900735834491 0.07326944198043535 0.13163179508134393
1 0.9464170575960417 0.3086628267067071 0.0836609104104042 0.12232042759490121
1 0.8098880233951746 0.2992974379466338 0.09763240514873246 0.12083974082661779
1 0.584958099901178 0.10053827196100162 0.05360938936371688 0.11589771077238856
1 0.1574987707643387 0.30231141286237423 0.10048438936371688 0.11617042154477701
1 0.2869833314853265 0.09680123536566881 0.05195588410204497 0.11432612041330892