1 0.54453125 0.5890625 0.0875 0.18203125
1 0.60859375 0.51484375 0.08515625 0.1515625
1 0.75390625 0.39296875 0.0625 0.159375
1 0.52265625 0.26640625 0.04375 0.1171875
1 0.35078125 0.1921875 0.04375 0.13203125
0 0.50703125 0.12265625 0.04296875 0.12578125
0 0.71640625 0.90703125 0.14453125 0.18515625
1 0.7015625 0.27109375 0.06328125 0.1
1 0.86640625 0.6765625 0.13359375 0.15234375
1 0.259375 0.11796875 0.05234375 0.0984375
0 0.23046875 0.27421875 0.08046875 0.15546875
1 0.209375 0.178125 0.05390625 0.0890625