1 0.557454286120467 0.5601882339274578 0.09226970752810466 0.1947317920114539
1 0.7771075529263809 0.6373576192314138 0.12619903855474385 0.1841942813494537
1 0.5111165025086389 0.4012768579328667 0.1103538626613009 0.1402806493475449
1 0.6181822445999735 0.36251325525145833 0.0970261917107738 0.11982269867918127
1 0.5629071541817942 0.3295467612587762 0.07371602570316256 0.12267497867599957
1 0.38482857513232127 0.3519410239497296 0.1155215237259962 0.11379087468172662
1 0.24882740813612686 0.3519602999681833 0.09202035672980173 0.11195565467854492
1 0.19652742049341657 0.4111903966422738 0.11121602570316255 0.12311133068109026
1 0.0960790929268184 0.43971593332272774 0.10097886266130085 0.140171561346272
1 0.11205957859236237 0.37152900732018246 0.09294618676785786 0.09634883601209036
1 0.31578546197672885 0.21127111795832007 0.08391869665368965 0.14309656667727227
0 0.4413080212917193 0.49119388060950264 0.11012836958138301 0.17307496801399935
0 0.6044499388193862 0.8887035852562308 0.16009387749004844 0.2111385893539083
0 0.20912019277371902 0.9120625533100011 0.178878369581383 0.17387494668999892
0 0.3115688527754691 0.08860577729154738 0.05244852076024671 0.09900112133990879
1 0.09317031574078109 0.3107824113224096 0.08232702174882985 0.10403406667727229
1 0.546837849315428 0.0694541459261852 0.04307352076024671 0.09889203333863612