1 0.39138379875899404 0.5137567013844523 0.10257473370266404 0.1433329240133631
1 0.19654867187853223 0.5278902846912716 0.13441576708875883 0.1640090506842718
1 0.2775927687381115 0.30703343936981653 0.09471676959604132 0.14167951734563583
1 0.49398464687221455 0.28221689473263334 0.06117684389007838 0.11629770934118148
1 0.5037257082341279 0.21438450473422418 0.04983016693047428 0.1021079400063634
1 0.7101000771970309 0.11369580342931376 0.06264841567683313 0.11319089067472694
0 0.8881210917785072 0.3000798407860854 0.12881898495630537 0.1327045066836356
0 0.4883152523742685 0.9162806226925444 0.16593855172849495 0.16743875461491128
1 0.6275854423990104 0.04244696475172336 0.05204588479802066 0.07089430267345423
1 0.5887047988255011 0.04824243141308724 0.05865959765100222 0.08346702800763602
1 0.47384432845067226 0.1000129220639516 0.04661423871722903 0.09894657733927245
1 0.1544424252437445 0.3423067733529536 0.08461434389007838 0.1165704293443632
1 0.07923783676394243 0.3344028193427723 0.08001777210332377 0.11964088534372683
0 0.44916624036658154 0.24498906739336088 0.06627352084968266 0.13041475334181776