1 0.42831302351728995 0.6342873773869975 0.1117032191310198 0.2542704240133631
1 0.6060894634768103 0.5403208434118145 0.11302670171816516 0.21993178668045382
1 0.8195787533909019 0.5318741861075406 0.09577060266810519 0.158830654678545
1 0.132359793643678 0.7378096300127266 0.14650758706427275 0.17347495735199914
0 0.2866390213695834 0.35936809870304376 0.15283283016686777 0.2047795013526354
0 0.09384841304726896 0.47970622867599955 0.14970118611433303 0.23441245735199914
0 0.21240033921197926 0.4475124413589988 0.1286716338757694 0.1311056440165448
0 0.8414770075747736 0.4282861094445858 0.11359991180407362 0.23086928668045398
0 0.759483379126071 0.4429474987666772 0.13876368611433315 0.23428518801718107
0 0.5940442441186479 0.7127316454089512 0.1719103787873868 0.21124767735518085
1 0.13008132066747097 0.8135181546785448 0.1338504568065479 0.14053518801718107