1 0.39622030180624934 0.4734375 0.10976192431676957 0.1453125
1 0.2025595818433162 0.43125 0.14177581614940155 0.1671875
1 0.3445040012659444 0.2453125 0.1018948606144388 0.14375
1 0.5614112482707194 0.28203125 0.06659227767481415 0.1171875
1 0.5912872320286506 0.2203125 0.05516370435383653 0.103125
1 0.8204737350238755 0.18359375 0.06804565027015244 0.1140625
0 0.9352716004052286 0.41015625 0.1294567991895427 0.1359375
0 0.37256212403091865 0.8921875 0.17551589908902612 0.19375
1 0.762376003628197 0.0859375 0.05618056733052797 0.0875
1 0.7238764988188736 0.0796875 0.06448414065150558 0.1015625
1 0.5950347362050019 0.10390625 0.05187501324684387 0.0984375
1 0.21476193756361353 0.24375 0.09008434137714509 0.11875
1 0.14422125907049269 0.21484375 0.0854514050794759 0.1203125
0 0.5292510234984629 0.23359375 0.07333335099579194 0.13125