1 0.6254452470304992 0.33033655458309474 0.09659751834239998 0.15263519867918118
1 0.7491855900626476 0.6078973859007318 0.12902958511458973 0.19362382535009015
1 0.6405356672596787 0.7146661012492311 0.1276034774344577 0.1982931440165448
1 0.26142717728880854 0.6315478026336834 0.1649838054894186 0.14093517735518085
1 0.7650292695960413 0.13177069056336838 0.05413723370266403 0.14276930267345422
1 0.6784241798625981 0.13668600457514057 0.07399509263643722 0.127380660009545
1 0.8094445108205527 0.2078422945576414 0.05736988229073816 0.09282384667409058
0 0.40067519688484976 0.7706001172820024 0.14966033386094857 0.20479768268618095
0 0.5290954327655919 0.26893652526259415 0.05730769780928675 0.14436816534054514
1 0.4579381836235217 0.10642798193827556 0.030852846397360877 0.09407726400381802
1 0.3166181648189032 0.27219043662477466 0.07275084138279597 0.13829997867599958
1 0.1678313238318187 0.2887705039783646 0.07363137978345571 0.11488066000954493
1 0.10434548535201663 0.28247559798695515 0.07772784639736088 0.09462270401018139
1 0.23734820196592174 0.2606085939688196 0.08309730799670109 0.11811474801081764