1 0.26002339803165125 0.29597456777418196 0.06929542154477701 0.09495003571381497
1 0.21724100039278343 0.2631932954530476 0.07243860226293623 0.09812958279171564
1 0.1491995275201465 0.2745068965087078 0.05374314441741399 0.10717730032431154
1 0.31873077752014656 0.2774660754848197 0.050809041958086 0.13993525324641087
1 0.4268871485226306 0.6231388599808186 0.10069086729005097 0.12049550649282174
1 0.3432479467272325 0.6294922256469755 0.09434996369925477 0.10476141233702041
1 0.7871540454741274 0.20750950040044652 0.06925906010845857 0.08870003571381488
0 0.5807848290443982 0.49299916679795197 0.1292794756031114 0.20067393019392785
0 0.8978359736582039 0.521973195204871 0.12581813231716552 0.1428068831160271
0 0.25052515730322933 0.45129331330995515 0.12586358411256365 0.1506193831160271
0 0.12896831987101595 0.39447847727182855 0.10714085518980254 0.15497960064862318
0 0.49550287665982484 0.11022184861673294 0.03490224082661779 0.09122501785690748
1 0.7500994730690287 0.13029243546563835 0.0379545179539809 0.07877956493480816
1 0.7067221777912931 0.06546627637502885 0.0381181444174139 0.10690456493480816
0 0.0773515381569618 0.7623420872559425 0.1547030763139236 0.18710235389503396