1 0.6634194686877093 0.61171875 0.10195822794389145 0.25
1 0.46307021282761307 0.5453125 0.1060053778516064 0.215625
1 0.2512408412975282 0.56796875 0.0896003254152828 0.1546875
1 0.9555431053340723 0.6703125 0.0889137893318555 0.165625
0 0.7268766872277601 0.321875 0.14542882325581452 0.196875
0 0.9388592469915101 0.41171875 0.1222815060169797 0.2265625
0 0.8247017203857523 0.39765625 0.12363536397194572 0.125
0 0.201182679669621 0.46953125 0.1035812846991516 0.2265625
0 0.286489123994095 0.471875 0.12868141424880086 0.228125
0 0.5214403246400904 0.7125 0.16457934145441175 0.203125
1 0.9693342974990781 0.74375 0.06133140500184382 0.134375