1 0.7179015876883792 0.28920192990136817 0.09471676959604132 0.14167951734563583
1 0.5057365568095669 0.3338439099300032 0.08629651583511766 0.1743829293443631
1 0.6654846636982761 0.6412553259070952 0.15239287727617318 0.13766472668681723
1 0.8638108519406511 0.7232940245465056 0.1523928772761735 0.13766472668681723
1 0.31781404183237905 0.672635331954184 0.0031704641066227167 0.001598862667090728
0 0.14989676761748427 0.6191392566438647 0.14626254922121246 0.19538632001909004
0 0.05981630304864316 0.7117000213240005 0.11963260609728632 0.19847495735199913
0 0.3071352354185236 0.18073873329091103 0.0997679824490227 0.15423406134627218
1 0.048141325976643244 0.31653297199236397 0.09628265195328649 0.16515338001272664
1 0.871111504223142 0.33818322788036914 0.09408027210332363 0.11980451734563582
1 0.7927197312618885 0.2945792258911868 0.08323370031656907 0.12280224801081766
1 0.9283928068095669 0.3289258592059604 0.07551212852981451 0.12583634134309046
1 0.36907895744270514 0.09176659261618414 0.060767666930474286 0.10223520934118144
1 0.3958975217076124 0.03139380864100118 0.03945495658477523 0.06278761728200236
1 0.29984322413575254 0.08241941195895644 0.05111988229073816 0.09275112133990877
1 0.2518627137109113 0.14779951129854707 0.07639266693047428 0.10241702267663592
1 0.5180309344814515 0.0455172065961396 0.03692098997087001 0.08789998933799978