1 0.8224120775453713 0.38822855214927016 0.09528688296032684 0.16922408510611123
1 0.6492271346174657 0.4203539871791314 0.05669526385373889 0.14491376291777786
1 0.5346445579006641 0.31688610790444394 0.13656685442427943 0.18423214247680564
0 0.5498414106723137 0.47651502783232597 0.09688792431665547 0.20359908510611113
1 0.5707425696874884 0.3628701019205203 0.053570263853738885 0.1448410277354167
1 0.24716179032287156 0.058573606573263805 0.09942641935425689 0.11714721314652761
0 0.7411812324267167 0.6577974761612146 0.10437509263745533 0.23030705547083344
0 0.7322601124915593 0.38018162243774245 0.0976156703877141 0.21922408510611122
0 0.6450404406561031 0.5437551195879509 0.08278688296032684 0.1689331443766667
0 0.4223262628247907 0.8852925754193747 0.13460624813797323 0.20915940729444457
0 0.22339441894448128 0.6659470826375692 0.14572783870851377 0.24687761284152784
0 0.4610891639820826 0.7400157898001731 0.12123295285270289 0.19011846656499998