0 0.21691259947397623 0.22616654849918955 0.13673614126984157 0.13512040944452863
1 0.27377506631598414 0.1500262293155446 0.08210919802510182 0.11137383723582164
1 0.1556537268641572 0.27028925322145386 0.12101101172019231 0.13346700585373253
1 0.3917192396640837 0.3806762656162898 0.1201494185677376 0.14439541549465282
1 0.4382611775101527 0.5093598018188392 0.12593834361388012 0.16161018657189175
1 0.5320822262458483 0.4611399495559029 0.11193640036914018 0.13809996369925487
1 0.5179510726375056 0.3869757417103806 0.11450019586563336 0.15373405405833437
0 0.8665210895994854 0.7772815373808998 0.18176684145441158 0.2041067587805987
0 0.7613773049003336 0.5512462782075176 0.166202398209672 0.18058744554888212
0 0.5650554125507579 0.4390649616561513 0.1317482526208938 0.13040563836728972
1 0.3314688479328168 0.0746626149523599 0.058932513879660677 0.09093407220870701
1 0.3531540808139536 0.04827335265571976 0.05630816162790726 0.09654670531143952
1 0.41397166486710973 0.03406540691044587 0.07794332973421944 0.06813081382089174
1 0.6189769447858993 0.1706826003180287 0.05634773442229637 0.12371930113146812