0 0.5636831095181304 0.561111605526424 0.10118553248413775 0.1256922906531944
0 0.5785144466341062 0.4716860828250004 0.09250001324684405 0.1005104526972918
0 0.3403720950901602 0.5371792237831947 0.12393355172143128 0.15120143692972227
0 0.8588666347458738 0.5195839478507299 0.12484128729346082 0.13248780452090295
0 0.9656795968194405 0.5761813995980911 0.06864080636111894 0.11918771751493065
1 0.7557911869306413 0.13858656135784786 0.036140885842182155 0.09607621941479172
1 0.739910726586355 0.10855356924163255 0.041790685116542825 0.07903418977951393
1 0.3673785060752678 0.25990886217593784 0.07111608656782167 0.11406380642076393
1 0.3060417019915838 0.26940984232430576 0.06075893992586625 0.08572060087368065
1 0.5028770072563942 0.18343989399541707 0.03701390507947586 0.12107621941479171
1 0.47583086841898703 0.12426426253652818 0.03236112141421188 0.07725348423243057