1 0.3029942975615819 0.340135683252242 0.11287248924663303 0.142805644417414
1 0.46063982361642974 0.39497369505790286 0.12424663688926821 0.15224427693097126
1 0.556119297561582 0.3416083214231401 0.10851032092583353 0.11622496369925477
1 0.587165936312877 0.3964912641433519 0.09920809553293922 0.11773292154477702
1 0.6596573664205007 0.41723101102009397 0.09637419396136267 0.12396474082661779
1 0.7491030101341944 0.39274461630809226 0.0870719685684687 0.12547269867214011
1 0.652683928454994 0.3656139688656162 0.10040672249741008 0.10992951190385672
1 0.18446908354122726 0.2339487948849522 0.11454199710451585 0.1115738251355732
1 0.7908945579006641 0.3343781252850827 0.0970633986760923 0.10522383118569749
0 0.5342142566195378 0.5266873033709634 0.15244441149637405 0.15397040339440443
0 0.20544505541946473 0.37082662616884554 0.13449493217453848 0.17104881908544903
1 0.6364768473949661 0.09278954722264326 0.06439644789030403 0.10815793364502546
0 0.6853421472328596 0.7885747458947835 0.16262424028009032 0.23838176483072288
0 0.8143703676633549 0.8705974264165508 0.17752149420903188 0.22284766842151918
1 0.8492849466519591 0.38942014928918783 0.09437504631872748 0.11458065046753826
1 0.9379857276692057 0.36414795939764644 0.07947779238978611 0.13011474687674207