1 0.13370481321614175 0.8624449369646751 0.1291624306969986 0.22417381908544912
1 0.535552955283275 0.36560928093799205 0.046876094684908234 0.13463862041330898
1 0.5524779206317744 0.2537996273471959 0.040317012014635625 0.10803975897699045
1 0.7376518046228657 0.31834287461672134 0.07165791868236297 0.11603406615858276
1 0.8307205519573657 0.30920824825148413 0.07778064934754454 0.1051329275949013
0 0.470582483290911 0.309741076019336 0.053253364019726315 0.14561248184962744
0 0.48719891331159193 0.15731096760807964 0.04048064401654479 0.12210225897699045
0 0.43402462858054947 0.631806973560008 0.11477266669318062 0.19596700585373253
0 0.4997961739338212 0.4845592688377437 0.08751927601845359 0.13643746974937904
0 0.058114026953388506 0.7902432049186561 0.11622805390677701 0.20849427693097144
1 0.519030168642592 0.17431211524694748 0.04502269334818117 0.10962953005422929
1 0.24959037265277334 0.10088474736772135 0.04798406134627218 0.09558521077238855