1 0.48461118466145 0.34453125 0.05240007142762977 0.1375
1 0.6481924435899037 0.32734375 0.08672052434972918 0.134375
1 0.49150784131642755 0.21796875 0.03921823295387146 0.0984375
1 0.12115524188891573 0.846875 0.12876374837514692 0.215625
0 0.3900236132338201 0.48203125 0.10283644805083529 0.1625
0 0.388295292209932 0.3125 0.08101599512873606 0.165625
0 0.27437747362497117 0.70703125 0.13134327759614015 0.184375
0 0.0989956440796664 0.72890625 0.12245920129724623 0.2125
0 0.5181948465914333 0.0765625 0.042806883116027095 0.125
1 0.5577482702925394 0.0484375 0.03584777110331849 0.084375
1 0.2800715093354908 0.15703125 0.051581865259119654 0.090625
1 0.3256215629062133 0.05390625 0.03584777110331831 0.084375
1 0.28136700243563195 0.0828125 0.07658186525911974 0.090625