1 0.19375 0.7453125 0.05625 0.24140625
1 0.69765625 0.28984375 0.0625 0.1171875
1 0.78359375 0.6453125 0.13046875 0.16328125
0 0.45859375 0.4765625 0.10859375 0.14453125
0 0.65859375 0.51328125 0.1 0.15625
0 0.86171875 0.803125 0.14140625 0.15078125
0 0.87890625 0.93203125 0.15703125 0.121875
0 0.63359375 0.934375 0.159375 0.13125
0 0.89296875 0.3609375 0.08203125 0.12421875
0 0.94375 0.43984375 0.10859375 0.13125
0 0.06171875 0.46640625 0.1234375 0.1359375
1 0.27265625 0.0828125 0.03046875 0.090625
1 0.51640625 0.16640625 0.02734375 0.1203125
1 0.55390625 0.16796875 0.034375 0.10234375
1 0.7765625 0.26953125 0.06171875 0.08359375