1 0.79242532609312 0.6099894358828826 0.1067338052100677 0.18041615824437507
1 0.7211689102535198 0.621597776688577 0.10626292431665547 0.2038172906531946
1 0.39271846277750033 0.35563958947451424 0.12170383374611501 0.16671733415618065
0 0.6463934646395272 0.15551752858843804 0.08038532092583353 0.11737064437666671
1 0.4147111251024439 0.2078748899113545 0.06446922249741008 0.11075696846486113
1 0.46387637117350244 0.22462728523795175 0.06934081306795062 0.14832970364722228
1 0.2041996182780183 0.3294004785328474 0.07504284946188075 0.10319904160312507
1 0.2787800872607717 0.3053830567051044 0.0882705955329393 0.1191149823325695
1 0.15834992493582814 0.450856598023889 0.1039341368892682 0.15381729065319458
1 0.24941803473679108 0.5630130655388197 0.12261136228216234 0.1526912017473613
1 0.18170626571125653 0.8853043332062501 0.1606207845319033 0.1645015239356944
1 0.654889054586386 0.8908549633339587 0.18097182588823219 0.1993129350298613