1 0.5349204703742153 0.5112212869283356 0.1400938127540133 0.1710409772718286
1 0.6689679217536962 0.5073168112780649 0.1559578301668676 0.20566143912238175
1 0.7991677561044355 0.608717444394092 0.10152263568479167 0.17973413879807013
1 0.935616553312417 0.599398765821722 0.12876689337516609 0.20988528896022593
1 0.43646303821661114 0.5984837333576133 0.10020579715018094 0.18439436525911965
0 0.694021074173974 0.2704713762128731 0.07571040818602892 0.13401253571381497
1 0.7051622127994417 0.09582593221922749 0.0453744549975255 0.09133411201270883
0 0.6690166728853499 0.10612250405389449 0.07127521370395282 0.10895798863591426
0 0.7778770957707 0.2024674443940921 0.10490658525525057 0.12515573295387145
0 0.9081654613291036 0.2757703510490696 0.10860479534115867 0.13614778003177203
1 0.21300676956056114 0.3112489659077428 0.0846007293077851 0.09514095048646735
1 0.290517615897088 0.30089389285525986 0.09479460085908258 0.11092959172016936
1 0.412392615897088 0.30302122889338634 0.06822545680654794 0.14012616801906325
1 0.4730191774079057 0.22368433075982547 0.05835913387576941 0.13058752678536117
1 0.43359150723608925 0.20114112905554213 0.04832903663473136 0.11792388555165915
1 0.06594806309269748 0.39454093262955986 0.0805616824962884 0.137219356330666
1 0.10748710990419416 0.35311709172016936 0.0734994549975256 0.09182503571381488
1 0.11284299525030161 0.3063784594149211 0.08196705223856364 0.10446140340856669