1 0.60390625 0.33320092378427224 0.0921875 0.1520988311856975
1 0.7390625 0.6042997398446591 0.1234375 0.19290563836728972
1 0.63515625 0.7161952309658647 0.121875 0.1975840480082102
1 0.253125 0.6530351381708981 0.1609375 0.13999880698520073
1 0.73515625 0.12771451394696015 0.05 0.14247839149054778
1 0.64921875 0.13658954419758118 0.0703125 0.1269715661585828
1 0.7828125 0.20142926989888849 0.0546875 0.09250566256778665
0 0.39765625 0.7851259963857627 0.14375 0.20396131303532491
0 0.50546875 0.2771594811622563 0.053125 0.14405907220870695
1 0.428125 0.11811575838781525 0.028125 0.09391362646343313
1 0.29296875 0.29154819232742835 0.06875 0.13789997579950325
1 0.1453125 0.31568915339440445 0.0703125 0.11447156615858275
1 0.08203125 0.3129772438516799 0.075 0.09418633723582168
1 0.2140625 0.2840578791939076 0.0796875 0.11765110831306051