1 0.6197143943766668 0.06890662362747908 0.08448671561506949 0.13781324725495817
1 0.30718325246854195 0.33870577462604734 0.07140483415618064 0.11486247867599957
1 0.4538628031897227 0.5636228639401846 0.1321254350298613 0.1733658693507266
1 0.32404801662059074 0.5596631646244565 0.11253898043270842 0.13721019334818116
1 0.32377003400368076 0.2791216892902747 0.09200827488562506 0.12759883601209038
0 0.558822406913195 0.5405206239258671 0.10650718597979178 0.14651246801399936
0 0.5307506518792018 0.47598595659613957 0.08997299620027785 0.107268154678545
0 0.5850725163362502 0.35891608792173085 0.11293902393569458 0.15439769334818115
0 0.2978842537028129 0.5099540659611836 0.118825348023889 0.13884541868236297
0 0.19791931487322953 0.44547448997454664 0.09062761284152794 0.13539315467854482
1 0.45532654568718767 0.15646434460536646 0.05436280452090294 0.12091248400699968
1 0.4254760447372571 0.18338138060950265 0.04945709897381949 0.11148294000636332
1 0.6957502175149306 0.07786498790582251 0.06439111474138884 0.08197725334181778
0 0.7041167231176046 0.5380485099061406 0.1461879350298613 0.1735295013526354