1 0.3588902284317818 0.31953125 0.1024624455488821 0.1546875
1 0.9423930748409856 0.7171875 0.11521385031802893 0.21875
1 0.47662821603694583 0.5484375 0.11957722267624522 0.1421875
0 0.8392145744482022 0.56328125 0.13376698770335976 0.1640625
0 0.955406159248137 0.646875 0.08918768150372607 0.2625
0 0.9036982135028631 0.2328125 0.10238063231716552 0.140625
1 0.5111925509350764 0.178125 0.06319086729005097 0.11875
1 0.4315868641667929 0.1921875 0.06319995764913067 0.1203125
1 0.2635913639704013 0.321875 0.08514768052176755 0.1328125
1 0.1870515898681003 0.32578125 0.0881363251355732 0.109375
1 0.13086522238165763 0.33671875 0.070930644417414 0.10625
1 0.05678737294739169 0.3609375 0.09601245764913058 0.1203125
1 0.4497459908266178 0.090625 0.05533291549465282 0.1109375
1 0.6778164486721401 0.08125 0.05069086729005097 0.11875
1 0.6565999788245652 0.06015625 0.052035198672140126 0.08125
1 0.827276614068597 0.25703125 0.1162795058537327 0.1125
0 0.09062812528508275 0.80625 0.1072863009350764 0.178125