1 0.6060832980983136 0.7311731100811325 0.09453289202736244 0.20263519867918128
1 0.5458719567552233 0.6586072194064057 0.10665108402290802 0.1699681493475449
1 0.6536026407542688 0.6528304814210414 0.11762494668999893 0.173220418682363
1 0.5420538767106798 0.3304822194064057 0.08470335868872639 0.16346361067790854
1 0.7703152367122706 0.3448554441040407 0.12332950668363551 0.12641814401654478
1 0.2852680747135433 0.3485851400381801 0.10136360001590834 0.11835110534690844
1 0.19754989871099796 0.32881698535963516 0.10181813335454448 0.15741360534690846
1 0.48576587201622645 0.12516746339908788 0.05913973734881743 0.11473520934118145
0 0.5452681413510446 0.13679585407381478 0.05450678134945388 0.11936816534054513
1 0.5107476906826811 0.123895864735815 0.04029883068109026 0.10670453333863614
1 0.7659260866884081 0.16904692210372252 0.05118178668045381 0.10214430267345423
0 0.36782713072881534 0.46203056938254317 0.11286472135581711 0.16691587468172653
0 0.08710329471672497 0.36971361067790853 0.11895108935390815 0.15292610001590834
1 0.1299709526973168 0.22726302868395373 0.07309314934754481 0.10552384134309048
1 0.7754550806810903 0.1152588507717679 0.053961341343090295 0.07249316534054513
1 0.7452221406747268 0.06803840543440444 0.04618520401018138 0.07552725867281788
0 0.29718156011294933 0.8353766153723619 0.1586135733609078 0.20494313335454423