1 0.44375 0.7008480649381035 0.0765625 0.1857114034085665
1 0.425 0.5918003474055075 0.115625 0.183268241882325
1 0.81015625 0.4389836700542487 0.11875 0.12082278896022594
1 0.59140625 0.23030196550729634 0.0578125 0.15257162094116258
1 0.66015625 0.24941442979348136 0.1 0.12674550649282174
1 0.5375 0.22655540260108306 0.0453125 0.12735343262955984
1 0.58046875 0.0820553802799487 0.040625 0.13039661201270883
1 0.9125 0.2731347532530014 0.09375 0.1453864123370204
0 0.31015625 0.4336487025183575 0.1015625 0.15021028003177203
0 0.50625 0.37553837338008983 0.0859375 0.1452500446422688
0 0.8203125 0.3544313920510715 0.103125 0.1439875535707224
0 0.92265625 0.7604574752498243 0.134375 0.1867205243497292
1 0.2734375 0.1014771306836905 0.053125 0.10405230032431154
1 0.290625 0.06445837175523676 0.059375 0.09791139448011292
1 0.3265625 0.03018060349129219 0.05 0.06036120698258438