0 0.7054092741314351 0.35221842574818957 0.14268355172143127 0.1492374515990063
0 0.5390675115175634 0.37740984416970863 0.1266220421027846 0.1366465480082102
0 0.8970164207733905 0.37923440194047614 0.14139387023308564 0.15704086123992678
0 0.8561409388295578 0.48418097717424524 0.14253970798203355 0.18985336123992677
0 0.7734574467189242 0.7792531035394825 0.12471729092165802 0.21630677693097128
0 0.640736715956218 0.8050303292407899 0.1165972560752678 0.25218973477649376
0 0.5189435615097142 0.808083127249 0.12797126569391465 0.26475336729005117
0 0.2679663270339928 0.42352736182910194 0.14408236061443871 0.144559041958086
1 0.23041667549789596 0.06509775917338217 0.09833335099579195 0.13019551834676435
1 0.03647570253973795 0.06013806928184077 0.0604514050794759 0.12027613856368154
1 0.6762972153232457 0.6821422750842595 0.07595240870767306 0.20664997579950323
1 0.43338302902557657 0.6851183259211402 0.0945387176006804 0.20207156010845856