1 0.59765625 0.36121337864850506 0.0703125 0.15747730925276535
1 0.6546875 0.29345886282019246 0.0796875 0.13420345048646737
1 0.61796875 0.10063043465485946 0.0546875 0.09157957386326192
1 0.3171875 0.284442778406919 0.096875 0.14387845941492108
1 0.1984375 0.3206512394466932 0.084375 0.11709777110331832
1 0.90234375 0.6626254687438213 0.1203125 0.2724125624991762
1 0.525 0.6482264090873142 0.09375 0.18757391233702042
0 0.453125 0.1094718262955986 0.0578125 0.11507162094116259
0 0.83515625 0.5200464565689568 0.128125 0.15067393019392786
0 0.84609375 0.2999248713416091 0.134375 0.1289080243497292
0 0.96640625 0.6004624338407852 0.0671875 0.1808602621748646
1 0.6875 0.09559410713814959 0.0546875 0.1087670738632619
1 0.66171875 0.057644093745468986 0.04375 0.08513865909060951
1 0.6296875 0.030522486196987008 0.053125 0.03998980032431156
1 0.3875 0.18410758765968432 0.0515625 0.14465002678536126
1 0.4015625 0.060134299510237375 0.05625 0.09160684740221223