1 0.4860313861277946 0.375353877756076 0.06964085518980241 0.15472517401194458
1 0.5945559166730032 0.6532587125778467 0.1136544756031114 0.20105596656500016
1 0.15854725644290765 0.27283482190399294 0.107059041958086 0.14153549620027786
0 0.5505842446372469 0.42384462272208284 0.1009817587805987 0.17107752583555574
0 0.5133074793155445 0.25207937870600655 0.06796927088084707 0.13593880642076392
0 0.5884034489667277 0.09957066812493007 0.07109427088084708 0.13601154160312506
0 0.7545854225267357 0.5370492182774299 0.12134880093507654 0.18092530452090294
0 0.7788263775435876 0.666936086818541 0.14627607806243964 0.16900718597979178
0 0.8886275826586354 0.8596664878447214 0.13538402985783762 0.17656511284152784
1 0.9335012837666625 0.39696581288284644 0.09767495159900648 0.13975479065319457
1 0.9330700125912277 0.33682774667843673 0.11640677088084743 0.13706620174736123
1 0.7307727561483202 0.0650112173274994 0.06152837334017498 0.10298083605604172
1 0.7791238977370637 0.07872757200090212 0.07097609621281205 0.11569904160312508
1 0.5041011718393646 0.08903451804868012 0.05070904800821019 0.12303876291777782
1 0.3251489491631194 0.2353679234432636 0.07572722872636942 0.12674564437666672