1 0.7264608401960186 0.20681000409767733 0.08032739546082901 0.10870338534372674
1 0.7746701617028979 0.17847646610435883 0.06141370435383635 0.10379770934118149
1 0.707098226586355 0.09959694076222288 0.06668155771188111 0.07574543467536325
1 0.6781994110699257 0.0547475174251776 0.05014882213985139 0.09429544000636333
1 0.48249016242068804 0.6225509933959061 0.11448414065150558 0.1028533746817267
1 0.4153572261230189 0.6233316960534521 0.11045140507947586 0.12154883068109026
1 0.16308287567538118 0.28693802068745355 0.07229664065150562 0.10236247867599957
1 0.25242811787083286 0.3184340160327712 0.08054565027015244 0.11495338534372683
1 0.31187503974053177 0.29882149737427083 0.056582360614438706 0.14434998400699967
0 0.15390883855155618 0.8069323473504083 0.15978177168436442 0.1924067706874535
1 0.12651294781523253 0.3802243966820448 0.1005853317584982 0.10737724267981755
0 0.4703521947351897 0.096061218730088 0.04875001324684405 0.09896475867281791