1 0.6589099717924825 0.7143536371798076 0.11512607201231528 0.18480346834337488
1 0.5011135689872532 0.1826787175358912 0.04604881908544911 0.12735343262955984
1 0.4558010689872532 0.18346965016545108 0.05227154800821019 0.1227750267853612
0 0.7595088937300429 0.5469558571480355 0.1290158551898024 0.15536143019392784
0 0.47033730942108753 0.5332514618538484 0.10405221662612103 0.16117505357072232
0 0.924892999214433 0.5026586120192994 0.1242101805217672 0.1349671095770768
0 0.9486970961146163 0.40611484862661873 0.1026058077707674 0.1315148271096728
0 0.9687732467785463 0.31201029262026436 0.06245350644290752 0.10580571509696401
1 0.7490647347764936 0.09474847484278714 0.03960792154477701 0.0944318384737585
1 0.8376737585842069 0.2838461566615681 0.08670109016268768 0.1327500446422687
0 0.6510994125677867 0.046848131901506496 0.04276928298109546 0.09369626380301299
0 0.48808178298109545 0.09149065584749391 0.038081782981095456 0.10065456493480815