1 0.303880880890208 0.37394876670908894 0.10000261284152785 0.13550224267981753
1 0.3283184896476733 0.3312527367122706 0.10883209897381949 0.11217383068109026
1 0.6405586908263536 0.6146492287555414 0.12191398043270851 0.1373192813494537
0 0.4964307503812496 0.427765752068724 0.10549019984750015 0.1699317866804538
0 0.11748943921083303 0.3577135973504083 0.10930487765916679 0.13248633068109025
0 0.08705836322277753 0.2885908800127267 0.10785148043270847 0.13715564934754482
0 0.8399021145539576 0.7459099614496765 0.1395742591180557 0.1578317760184536
0 0.8673153336844089 0.9111173381205854 0.17253222948277802 0.1644635840229082
1 0.2867895255512152 0.10101979670590729 0.04923889342673622 0.10210794000636336
1 0.3356822736513541 0.04844932737904335 0.038010452697291794 0.08948067067154523
1 0.3749266116072569 0.04109136071767947 0.03452177678548622 0.07381930800445433