1 0.3041954053604939 0.10234375 0.08447995776545092 0.1359375
1 0.6522934581889739 0.309375 0.07061487884037305 0.1125
1 0.5378236215831499 0.5578125 0.13326606826055976 0.16875
1 0.6660697189240791 0.52890625 0.11242294724210708 0.1328125
1 0.6281348923474885 0.2546875 0.09312691567207594 0.1234375
0 0.4310198847373295 0.55390625 0.10671897881213824 0.1421875
0 0.44982236362005495 0.4859375 0.09038134727034208 0.103125
0 0.37940271878290477 0.38046875 0.11342400512049755 0.15
0 0.684788897820922 0.47578125 0.120326452503779 0.134375
0 0.7762399214278581 0.39453125 0.09045694198043534 0.13125
1 0.47904421594030727 0.15859375 0.05544490514873246 0.1203125
1 0.5129718949077373 0.1796875 0.04855786831702939 0.109375
1 0.23017407643541615 0.12578125 0.0655787683452643 0.0796875
0 0.2850780531814158 0.578125 0.14576606826055977 0.16875