0 0.309375 0.353125 0.13515625 0.146875
0 0.4765625 0.3796875 0.11953125 0.13359375
0 0.11875 0.37734375 0.13359375 0.15390625
0 0.1609375 0.4828125 0.13203125 0.18671875
0 0.24921875 0.77890625 0.11328125 0.21328125
0 0.38203125 0.80625 0.10390625 0.24921875
0 0.50390625 0.8109375 0.11484375 0.26171875
0 0.7484375 0.4296875 0.13671875 0.14140625
1 0.77890625 0.06796875 0.09140625 0.13515625
1 0.97265625 0.0640625 0.05390625 0.128125
1 0.34453125 0.68359375 0.065625 0.2046875
1 0.5875 0.6890625 0.08359375 0.20078125