1 0.49140625 0.503125 0.11484375 0.1578125
1 0.35703125 0.5109375 0.12578125 0.19140625
1 0.24375 0.62265625 0.075 0.17109375
1 0.10546875 0.62578125 0.09921875 0.1984375
1 0.60390625 0.58125 0.071875 0.1765625
0 0.2953125 0.27890625 0.05546875 0.128125
1 0.25703125 0.10703125 0.03125 0.0875
0 0.29453125 0.1140625 0.05546875 0.10234375
0 0.20078125 0.21875 0.0875 0.11484375
0 0.0828125 0.30234375 0.08828125 0.1265625
1 0.78125 0.27734375 0.07109375 0.0875
1 0.70234375 0.2734375 0.07890625 0.10234375
1 0.58125 0.28671875 0.04765625 0.13515625
1 0.50859375 0.21328125 0.03828125 0.1265625
1 0.54453125 0.1875 0.03046875 0.11484375
1 0.94140625 0.346875 0.06015625 0.1296875
1 0.89296875 0.309375 0.06015625 0.08515625
1 0.88046875 0.26328125 0.06640625 0.096875