1 0.5826632179344575 0.48965777207986 0.08255905601527207 0.11344542934436319
1 0.5058103639401846 0.4465702960693604 0.1081044960216353 0.16061133068109026
1 0.4158580732813661 0.3877032787237247 0.09187951201463562 0.10886701734563572
1 0.3193194279519568 0.35766978604390703 0.09682155068427196 0.13079656134627218
1 0.48574221725813976 0.559633370066815 0.12049540802036277 0.1513817813494537
1 0.6974796959341394 0.4933378500954501 0.06640789202736244 0.2023079346753633
1 0.06385067795195676 0.35469713800922686 0.0985476826861809 0.14487724267981755
0 0.7070257765754586 0.680192960097041 0.14011811203054414 0.22659995735199914
0 0.3372961739338212 0.4914908027132251 0.13306813335454457 0.15777723201781732
0 0.4350642486473645 0.14726918272595182 0.04222495735199914 0.13797271467218156
1 0.7222102599856826 0.11388670743154095 0.04493178668045381 0.10207157733927245
1 0.7015346806572277 0.07770375942867744 0.038790874681726706 0.11137385200509067
1 0.6652250106620002 0.04212024809035948 0.05704997867599957 0.06940452800763601
1 0.41660460264163757 0.1892475973901792 0.04033519334818116 0.1098295333386361
1 0.34684553862986534 0.27516636871417965 0.06533519334818116 0.1101204346753633
1 0.28162907129218373 0.3064430933720437 0.07320223734881744 0.11489884134309047
1 0.20187793662477463 0.31098459536122597 0.08562951201463562 0.108794292011454
1 0.0848722499602291 0.2939959953453176 0.07939769334818111 0.11028406667727228
1 0.5505848725732315 0.6947810767424965 0.06949652936027136 0.19921929734245403
0 0.05125648722950478 0.7655437313414997 0.0990203973583625 0.18550224267981755