1 0.4721045157801497 0.3203125 0.09696252471457942 0.1171875
1 0.7562460469205197 0.17265625 0.0840168557412186 0.10625
0 0.8104600671492938 0.471875 0.13280186562705049 0.153125
0 0.926346346806789 0.33125 0.10828202669174587 0.1265625
0 0.35215813581864336 0.54140625 0.11692219764227278 0.146875
0 0.2877892296968639 0.49140625 0.12272652866891205 0.1359375
0 0.13847634330956687 0.74296875 0.15556820357377185 0.175
0 0.30041131612352956 0.871875 0.17852554250907654 0.2015625
1 0.6983963962359476 0.096875 0.052830522737412976 0.1078125
1 0.673839406616071 0.04765625 0.05232118676785795 0.0953125
1 0.6454424925856262 0.03515625 0.052865014828747545 0.0703125