1 0.5048808591968232 0.4979973165977304 0.1338033491396784 0.17185791335136286
1 0.6375524586310892 0.5206706532463676 0.14962833703942985 0.2064147266868172
1 0.7352627299047197 0.6445252292330046 0.09635789129415606 0.180796561346272
1 0.8726491004162245 0.6624565218810055 0.12465560811666876 0.21081132535009015
1 0.383414404474559 0.5634688699475024 0.09326016237139481 0.18544769867918126
0 0.7286915847999348 0.2969689765675046 0.07109427088084708 0.13519316000954493
1 0.7882489128623742 0.1306621765595504 0.04271474082661779 0.091115896005727
0 0.7499540273237548 0.1334513692314138 0.06781473477649361 0.10859429734245411
0 0.829754635931403 0.24735878055382338 0.10228972872636959 0.1261817866804539
0 0.9362177384889268 0.34376960920596045 0.10391586123992695 0.13713746801399934
1 0.24623360880403986 0.24164950863304702 0.08180451190385671 0.0962579293443631
1 0.3251034973677213 0.24698135128900206 0.09127041549465283 0.11199201734563582
1 0.443694416083828 0.27294331993954823 0.06488063231716552 0.1413704346753633
1 0.5253171208060923 0.20793539059518512 0.05387949980360816 0.13030566534054513
1 0.4926773376286051 0.17862969859963945 0.044431776930971265 0.1176965773392725
1 0.07875521731349207 0.29359491132240956 0.07579086123992673 0.13681020401018137
1 0.1312807744950844 0.2617358366486372 0.07084883118569744 0.09300566000954502
1 0.15028984972885354 0.21698641064609187 0.07873405405833438 0.10559656667727228