1 0.5264043747191162 0.7533945921305018 0.2826243080043149 0.47793763392680616
1 0.3300030082562013 0.8520481006519184 0.23982157507848506 0.28673988960884883
1 0.3759750067858633 0.6748446724865854 0.20460777136958344 0.35949555113509035
1 0.25225422376917656 0.6972981452941871 0.19810546585165945 0.3843591834403387
1 0.08629108519947956 0.5606453993513769 0.17258217039895912 0.32024213636243815
1 0.6292405269122513 0.5634905665629566 0.22394426956056107 0.31143988068039513
1 0.7055031337642277 0.5083024602322905 0.1750088025772479 0.3308796274339844
1 0.7537237070336905 0.27330016883643277 0.13531778154634858 0.19905688311602718
1 0.6699761488022331 0.32237464286185047 0.14220959068231737 0.2709864301939279
1 0.5843142085040286 0.4526582065788426 0.180446575078485 0.28570349512873605
1 0.596695779059958 0.29087127273146673 0.15358310266810485 0.16034893912238157
1 0.40323130484055547 0.46752705032760683 0.22016417231952304 0.29888533360249453
1 0.4744578516520521 0.5084326939969409 0.18809530076822564 0.2827148628234877
1 0.085702968114967 0.41999312581242654 0.16301341361309582 0.2807159862002823
1 0.20696381445149387 0.4295845397743 0.1529014292169281 0.26648984496658024
1 0.28183433966626453 0.400958933443634 0.13712594301173803 0.20377165665497757
1 0.4000697625516144 0.30445035186973435 0.16574226594251656 0.21363758035608366
1 0.5872565812985215 0.18800537135149495 0.12816702283992143 0.18176028896022584