1 0.5292516270764139 0.7706467597625574 0.210287569398303 0.4541794816532356
1 0.74285185455888 0.8475581968254284 0.19402461443337113 0.29789312021691716
1 0.6613050586009616 0.6604627178044714 0.15141561227390277 0.33981699980360813
1 0.7854236790513122 0.6581775342576417 0.13905531461794104 0.36629768657189177
1 0.9289579680740129 0.48774179352921976 0.1420840638519742 0.3007272287263694
1 0.3947998766149886 0.5994898981298471 0.1791610780361764 0.28531130698520074
1 0.3101652583241063 0.5593421419815272 0.12647616902916284 0.3162431444174139
1 0.2200154179494287 0.3355642743968886 0.10546515730897062 0.1833579215447771
1 0.31039938849206444 0.36786316910889016 0.1009965052417873 0.25986587939029937
1 0.4176587808416402 0.48056263612779465 0.13889702344038463 0.2663340480082102
1 0.37546438155223416 0.3221552384889268 0.13234902991878963 0.1397806383672898
1 0.5960946614710237 0.45998599483363856 0.17679754163898184 0.27280221662612103
1 0.5347053809339253 0.5142694947354427 0.14640913479143655 0.26169199980360813
1 0.8953856577703959 0.3496105344540335 0.12160939389073526 0.26467155405833437
1 0.7795196283130317 0.38310935656454465 0.1129958574935408 0.2521261022629363
1 0.7012747123661878 0.36949682933898575 0.1057655459579184 0.18804542154477702
1 0.5692248735326697 0.2968001936039746 0.1358535641565158 0.1944681383672898
1 0.36568076650055426 0.21826716920708603 0.10123873226282801 0.16615224082661778