81 0.5605400557416645 0.49969338944744435 0.09754139988706054 0.1192772408266178
81 0.4975465030543589 0.44148597970832804 0.1283965577372161 0.16631586729005096
81 0.4277870108762795 0.3653552717646099 0.10508088410204497 0.11463519262201594
81 0.34241792924977876 0.3158688770526083 0.11416745776545092 0.136555644417414
81 0.44838939526067323 0.5479859645830175 0.1388790314288567 0.15856699980360833
81 0.6706207110315713 0.5271684287732517 0.09317168927901225 0.20516019867214014
81 0.09656637393163714 0.2595062893258073 0.11654900512049751 0.1506272347764936
80 0.6285865875234572 0.712506485954844 0.16824728398910552 0.2337124455488823
80 0.3236539767459997 0.4503075095661656 0.153396557737216 0.16646131303532474
80 0.5107870396037132 0.13370075078556692 0.061224468288794576 0.139371572208707
81 0.797384692262784 0.16092982953537743 0.05913134727034208 0.103434072208707
81 0.7872053264354162 0.1211588024080144 0.05342737884037323 0.11277271077238851
81 0.7635094921780794 0.0720945885123679 0.0675052893919517 0.0863011143631847
81 0.4812591633235888 0.1713598320694602 0.053336373578701315 0.1112102107723885
81 0.3913174318100275 0.24060980181883923 0.08008088410204497 0.11448974687674199
81 0.32004937656247306 0.25742511797742196 0.08816639988706054 0.11922269867214012
81 0.24187116865584785 0.24538418111094268 0.10039338410204497 0.1146079215447771
81 0.13334530809015183 0.20462334660559556 0.09258088410204497 0.11456246974937896
81 0.4742554032943554 0.693879726683266 0.0945521787556686 0.20204428903121965
80 0.017167300268231243 0.6583983072797882 0.034334600536462485 0.18945338544042353