80 0.48996324745418 0.7993030248878679 0.09134919467652339 0.13331246974937905
80 0.4968764337277463 0.7063160941697086 0.07476918973360754 0.10978406615858276
80 0.519149387264337 0.9264467869881162 0.10072419467652338 0.13336701190385652
80 0.12849780133196298 0.5459977803488169 0.07107118676785787 0.09570338544042353
80 0.030980779373168392 0.5544193344071513 0.061961558746336784 0.08636474687674216
80 0.05011547475394801 0.5144301386618774 0.06899935079830274 0.08319429508134402
80 0.6986364767682953 0.10606558841417205 0.03924818380210837 0.08145907825883122
81 0.46716630087485245 0.15115187119887583 0.036985346843970035 0.06426248789975157
81 0.4489428828900749 0.15750641032829144 0.04017401384016459 0.06584316861791084
81 0.7028226165784525 0.2333547962596943 0.037622016805913996 0.07988748789975161
81 0.7790707346769608 0.06810652528065134 0.028854511862998145 0.056404536104353496
81 0.5291834812169197 0.08596268755385036 0.034595175893442943 0.043940897540671986
81 0.5019524777568785 0.10252347365820387 0.037974843878220456 0.05020907825883123
81 0.5373978878329908 0.13355985021983283 0.027037343878220453 0.05014544574527387