80 0.4774401300922685 0.6742240092695939 0.0763817813494537 0.11962270401018138
80 0.436453145448722 0.8450364959420936 0.07983404535327185 0.14778406667727212
80 0.5140332527848127 0.8644490199315941 0.09071700135263541 0.14322383601209018
80 0.40426242803149853 0.22735864727882066 0.055705654678545005 0.08813634667409058
80 0.5214675620225899 0.1603609565961396 0.05238066000954511 0.07091248400699968
80 0.7332243167170432 0.36261215790105006 0.0637181493475449 0.10541475334181775
81 0.5192414433481811 0.10334788792968505 0.02407384667409058 0.05496022000318166
81 0.4593488226845901 0.1267041192711847 0.034956802673454135 0.05039998933799979
81 0.4854386080124085 0.08577003660091212 0.039535214672181594 0.04107953333863614
81 0.4489738493395906 0.04087570727245734 0.022347714672181596 0.04087953866963623
81 0.22917951734563582 0.08797052530236507 0.025709072008272393 0.06122840133672711
81 0.2421244126750451 0.05890973396722878 0.023982940006363317 0.04714772000318166
81 0.5547191507399513 0.5334621019255489 0.04972837468172671 0.11150112133990878
81 0.8713173994270866 0.6805798132161417 0.0934783746817267 0.11201019867918127
81 0.6165998907144978 0.3452166672501856 0.05563292934436319 0.08188634667409059