80 0.5328125 0.13125 0.0359375 0.0640625
80 0.53203125 0.24765625 0.04375 0.06953125
80 0.659375 0.30625 0.05703125 0.0796875
80 0.7703125 0.346875 0.0578125 0.078125
80 0.671875 0.11640625 0.02890625 0.06171875
80 0.75703125 0.15390625 0.040625 0.065625
81 0.38046875 0.32890625 0.03125 0.08203125
80 0.40625 0.303125 0.04453125 0.0859375
80 0.096875 0.51953125 0.07109375 0.109375
80 0.69453125 0.08984375 0.028125 0.05078125
81 0.4609375 0.1296875 0.03671875 0.05078125
81 0.46953125 0.1203125 0.02265625 0.05546875
81 0.490625 0.11171875 0.02578125 0.0609375
81 0.5578125 0.07265625 0.0296875 0.05625
81 0.52265625 0.0859375 0.03515625 0.04140625
81 0.68671875 0.2234375 0.0234375 0.08046875
81 0.72734375 0.20546875 0.02578125 0.06953125