81 0.609375 0.29765625 0.07734375 0.14296875
81 0.096875 0.79140625 0.09765625 0.2046875
81 0.534375 0.54296875 0.09765625 0.1265625
80 0.18046875 0.6203125 0.10859375 0.146875
80 0.0515625 0.728125 0.103125 0.2484375
80 0.05703125 0.30703125 0.08046875 0.128125
81 0.434375 0.184375 0.04375 0.11328125
81 0.51484375 0.18515625 0.04375 0.11484375
81 0.70390625 0.2828125 0.06328125 0.12421875
81 0.7796875 0.2734375 0.071875 0.0984375
81 0.8375 0.275 0.05390625 0.0984375
81 0.9140625 0.2859375 0.078125 0.1078125
81 0.47890625 0.08828125 0.03671875 0.10546875
81 0.25234375 0.11875 0.03125 0.11484375
81 0.26953125 0.09375 0.03828125 0.07578125
81 0.13671875 0.3171875 0.1 0.096875
80 0.9609375 0.7296875 0.078125 0.16640625