80 0.5846349445936176 0.6629980417000343 0.0925703595655099 0.12856271751493065
80 0.6534302894598065 0.8264416394395828 0.10185682835784533 0.15686955547083342
80 0.580685508252142 0.8562941000206592 0.11106805404758599 0.1539627610179167
80 0.5812001696059896 0.20940026301468703 0.06889384215265544 0.09367857123840277
80 0.454238199909143 0.15994773651354127 0.06174308344622812 0.07634560087368056
80 0.27935214382539214 0.3900749136596179 0.07768898801421234 0.11261040919430565
81 0.44734306874690705 0.10300740549149268 0.032635437584671224 0.05694098423243057
81 0.5099216338757694 0.11797713563986068 0.041846663274411534 0.05403418977951393
81 0.47744664857509045 0.08040505366788156 0.044480340343633 0.04473192496187504
81 0.5061581467660682 0.03124020184427041 0.028773453188503238 0.042805749050069467
81 0.7307011233603198 0.04713338630545078 0.03452548620519007 0.06322735182361114
81 0.7136840417231141 0.02273121837114554 0.029101001809022264 0.04546243674229108
81 0.4847876735627185 0.5339119133752774 0.06535276232447185 0.11544446846486131
81 0.1967122207128995 0.7236524394951734 0.10943031094499087 0.1227127610179167
81 0.39181784430036193 0.35695132950343716 0.06856629353213632 0.08742857123840278