81 0.24453125 0.48828125 0.075 0.1390625
81 0.18203125 0.6234375 0.08515625 0.18671875
81 0.21171875 0.67890625 0.096875 0.1828125
81 0.39609375 0.67265625 0.08828125 0.19296875
81 0.32578125 0.62578125 0.08515625 0.13203125
81 0.51953125 0.15625 0.01640625 0.12578125
81 0.5640625 0.16328125 0.04921875 0.12578125
81 0.70234375 0.27109375 0.07890625 0.1296875
80 0.24765625 0.21640625 0.06640625 0.14296875
80 0.32265625 0.44921875 0.1 0.13203125
80 0.0859375 0.3296875 0.11328125 0.10390625
80 0.12890625 0.5765625 0.11171875 0.1671875
80 0.42421875 0.85 0.140625 0.1546875
81 0.78203125 0.271875 0.07578125 0.0828125
81 0.2703125 0.07890625 0.03828125 0.0875
81 0.29609375 0.04765625 0.034375 0.09453125