80 0.753202137611298 0.19107296522918663 0.04365144703379294 0.06607953333863614
81 0.3150369580064307 0.6075552246180932 0.0827246547112475 0.13366702267663583
81 0.4146270486036062 0.5564370726050483 0.07102233020561535 0.12260225334181776
81 0.4579178627176782 0.47318822059995763 0.06444454827463009 0.11784202800763595
81 0.8038959063007314 0.16940650322250508 0.03874542574646931 0.06289998933799978
81 0.8329003452887525 0.12301276121900526 0.03485560124083733 0.05192612667090888
81 0.8540323001162156 0.11105765388291448 0.026933840597175518 0.050272720003181656
80 0.7485199914500252 0.15756103123014112 0.040854228964778014 0.07073067067154523
81 0.5029778985070612 0.11904561326386683 0.039433840597175515 0.050418170671545234
81 0.527688321403539 0.11173255259391243 0.048011165102807674 0.06144657733927246
81 0.5837962097711415 0.09078370591982188 0.03630884059717552 0.05038180800445433
80 0.6175538507366343 0.08804905724859481 0.04423060124083733 0.05203521467218157
81 0.7077478899570864 0.2829337485678227 0.04965007475773362 0.0848840773392725