81 0.6451243080043149 0.47704637255460824 0.1123030054270668 0.14592155405833437
81 0.8351008548158114 0.43597698672140117 0.14469942559888338 0.16797836123992677
81 0.676918783355371 0.2491759026088375 0.10440861827193722 0.14431360226293624
81 0.46321813150092017 0.2846401830558503 0.06864153663473135 0.1175511143631847
81 0.427952338873295 0.22273508069471815 0.05696705223856373 0.10342498184962742
81 0.19555924072774583 0.1846755027304745 0.07004026232447189 0.11443520472226432
80 0.09727662822155986 0.41059713241536144 0.1383741824962884 0.13670109016268786
80 0.7053513155790883 0.896019086352059 0.17890400723608924 0.1947317587805987
81 0.24512879353213632 0.08733741529826114 0.05771068068726617 0.087809072208707
81 0.28308249491161736 0.08131012909571175 0.06626016508343388 0.1019170240041051
81 0.4140392458161285 0.10628337889932005 0.05359639077317428 0.09871930113146812
81 0.8065243962002413 0.2483679024124458 0.09216092378986111 0.11924996974937896
81 0.8745407338303408 0.21986617339148878 0.08755531094499105 0.12078519867214013
80 0.49114837969189795 0.23637994505790286 0.07562852103089916 0.13164997579950324