80 0.7965807195611908 0.08653848132572305 0.11659893912238158 0.14730346834337482
80 0.6942875624991762 0.1323946777550006 0.11714440990138826 0.1785534683433748
80 0.5725449760540126 0.18259745494739893 0.12662850405718978 0.18496710957707685
80 0.5349279736183805 0.2647281164736404 0.129371674511885 0.16314665665497757
80 0.3808185409855255 0.6978428051922803 0.152610351459402 0.24165348620028232
80 0.34054236850223535 0.6276297167185217 0.13016260714144484 0.20845915665497755
80 0.27913508440997814 0.8233728648520826 0.16138533360249455 0.20744212743398444
80 0.20379811931301423 0.7580148717519414 0.15198306006354426 0.20571598620028234
80 0.7976928007280534 0.3739702974783472 0.13276940990138844 0.17882620373287814
80 0.8641865998345489 0.46963339934478626 0.14606034253094827 0.224356892044481
80 0.844215424511885 0.17562430072475807 0.13052507142762976 0.13973643019392784