80 0.50703125 0.803125 0.0796875 0.128125
80 0.51484375 0.71015625 0.06484375 0.10546875
80 0.534375 0.93203125 0.0890625 0.128125
80 0.1484375 0.528125 0.0625 0.09140625
80 0.04375 0.53046875 0.06953125 0.0828125
80 0.07109375 0.4921875 0.06171875 0.0796875
80 0.7234375 0.12109375 0.03125 0.0796875
81 0.49140625 0.153125 0.03125 0.0625
81 0.4734375 0.15859375 0.03359375 0.0640625
81 0.72578125 0.24921875 0.03046875 0.078125
81 0.80390625 0.08828125 0.02421875 0.0546875
81 0.55390625 0.09140625 0.03046875 0.04296875
81 0.5265625 0.10625 0.0328125 0.0484375
81 0.56171875 0.13984375 0.02265625 0.0484375