80 0.6962685608996949 0.23562861932290008 0.04124477711788863 0.07568183847375849
80 0.6533058225781774 0.29031216518298475 0.05517088479802066 0.07123980032431154
80 0.7232752740818809 0.8682911148586733 0.08975648495630537 0.13275004464226897
80 0.06778952289474657 0.4224692893672629 0.06504598997087015 0.08859094155801354
81 0.3963741417911426 0.7817628741908688 0.06355769780928675 0.14478639448011296
81 0.26151105997525814 0.8747879456184986 0.0718703029821361 0.16211026217486477
81 0.2512147544858395 0.7358345397743 0.06692673871722885 0.09955571509696401
81 0.556227548758994 0.49992471875370725 0.0596598079967011 0.11816934740221222
81 0.622195878067596 0.4299883198093674 0.05309155925034226 0.10712275324641088
81 0.47478498363615695 0.6021787398570255 0.05993259263643722 0.1275443474022122
81 0.48511210055399595 0.2049219103117208 0.03945495658477523 0.06784206493480811
81 0.4562907670887588 0.15461794724335176 0.028153743731793846 0.05515115016215581
81 0.5393389478092867 0.13440881290950854 0.03449467194503928 0.05838524431795715
81 0.5172366272761733 0.12697814245481331 0.029670779625171128 0.05361592370110611
81 0.5353812220241816 0.07898097321793407 0.032704851411925875 0.05054547077900677
81 0.5084011848771629 0.09195826014956501 0.03569345909205772 0.04591251785690749