81 0.5893600843896739 0.58046875 0.14139319279472176 0.1875
81 0.49385605311515024 0.775 0.15067726458147632 0.184375
81 0.4217670705996204 0.46015625 0.07771112602253201 0.146875
81 0.4962729771052534 0.4234375 0.07981919530200425 0.165625
81 0.4832621632360576 0.33359375 0.08115437476889084 0.1578125
81 0.29116192827975235 0.46484375 0.10941576708875882 0.1625
81 0.2217814424655173 0.4328125 0.08502352084968248 0.1296875
81 0.7589213927820865 0.3109375 0.06223923871722885 0.0984375
80 0.7236755292294598 0.09921875 0.06729045157021041 0.1109375
81 0.7865332304039587 0.140625 0.04937552586424765 0.0859375
80 0.7635359996042885 0.15234375 0.06255748746358769 0.109375
80 0.8022825993668616 0.24375 0.08594952335696497 0.1078125
81 0.0968449416075875 0.26953125 0.0864496285298145 0.125
81 0.23385084811322052 0.2328125 0.1047449874635877 0.109375