81 0.45411737632798665 0.569431839287083 0.12169708130638916 0.1964775693385416
81 0.40217171019982684 0.4870018522048608 0.11475609707395851 0.1666445989738195
81 0.27691452422003504 0.34452602431694423 0.09295383225631966 0.16926045269729179
81 0.5241694242962849 0.2543503935236454 0.06693553970326391 0.12492857123840287
81 0.7059636317432293 0.20634538535552024 0.068825348023889 0.13902743882958335
80 0.5615577086812154 0.11434233615295093 0.06711737765916688 0.1327410712384028
80 0.23649934412725768 0.858244338621493 0.17983688962701408 0.21188567021222227
81 0.34698867524621546 0.23189743132704832 0.08223323138263901 0.11122974715020843
81 0.12279529435600745 0.6076287024129513 0.16184930262104183 0.17711062670923639
81 0.806979964665139 0.1469320581331938 0.07122299620027803 0.1078501740119445
80 0.8122337751699655 0.3054894405420132 0.11014133225631965 0.16966049620027784
81 0.8476244548814933 0.21399161835367986 0.0710047906531944 0.0984751740119445