80 0.365625 0.775 0.08125 0.11796875
80 0.52421875 0.85 0.08828125 0.14765625
80 0.4671875 0.92734375 0.09921875 0.14453125
80 0.403125 0.30390625 0.04453125 0.0796875
81 0.5453125 0.675 0.059375 0.115625
81 0.74375 0.2515625 0.03671875 0.0578125
81 0.73125 0.19453125 0.03046875 0.05859375
81 0.55234375 0.05703125 0.0265625 0.04375
81 0.5203125 0.1203125 0.028125 0.05390625
81 0.528125 0.08203125 0.028125 0.0296875
81 0.4921875 0.1078125 0.02734375 0.05546875
81 0.471875 0.11484375 0.028125 0.04296875
81 0.45625 0.1265625 0.03359375 0.046875
81 0.415625 0.15390625 0.0390625 0.05625
80 0.18359375 0.58984375 0.065625 0.115625