81 0.37578125 0.33046875 0.0296875 0.0859375
80 0.40390625 0.30078125 0.034375 0.08203125
80 0.5265625 0.2953125 0.0578125 0.078125
80 0.41015625 0.21953125 0.05703125 0.06171875
80 0.29453125 0.1296875 0.0421875 0.05546875
80 0.66953125 0.11953125 0.02421875 0.059375
80 0.59765625 0.28984375 0.05 0.0796875
80 0.709375 0.3359375 0.05234375 0.071875
81 0.4890625 0.1078125 0.02109375 0.0515625
81 0.52734375 0.0921875 0.03125 0.05078125
81 0.725 0.20703125 0.03203125 0.075
81 0.63203125 0.21640625 0.04375 0.0640625
81 0.54453125 0.7 0.04765625 0.12578125