80 0.4078125 0.29765625 0.0578125 0.071875
80 0.11484375 0.3890625 0.05546875 0.0796875
80 0.42421875 0.21953125 0.046875 0.07734375
81 0.36015625 0.81015625 0.0640625 0.14765625
81 0.3625 0.26953125 0.0296875 0.07734375
80 0.35625 0.22734375 0.04453125 0.06328125
80 0.346875 0.19375 0.04296875 0.053125
81 0.4765625 0.12265625 0.03359375 0.0578125
81 0.4921875 0.1140625 0.03046875 0.05859375
81 0.525 0.17890625 0.028125 0.06796875
81 0.53046875 0.09765625 0.02421875 0.059375
81 0.2484375 0.40390625 0.0484375 0.0828125
81 0.29140625 0.41875 0.05234375 0.1