80 0.3725324883907309 0.29202089099956846 0.05991133118569749 0.09253293364502539
80 0.2828437953759315 0.1305561501729506 0.03946247579950324 0.06897725897699045
80 0.22938193120913858 0.3224391231437834 0.056677246876741985 0.07376475292686617
80 0.663747840850059 0.3265287429679171 0.04894656010845857 0.0877818011314682
80 0.6145927233636164 0.3153048966569092 0.04583065046753809 0.0893261204133089
80 0.36893128630074523 0.1052748699223296 0.042569295081343925 0.06587043969514968
81 0.9168121908735001 0.7412962666774346 0.08504768657189174 0.11611587939029935
81 0.7183353469001832 0.34403440553570375 0.05353406615858276 0.07062157220870705
81 0.6378847776183424 0.3404412520431035 0.030087475799503237 0.06892271682251269
81 0.5757625484009937 0.14085434250037893 0.044131795081343836 0.06587953005422928
81 0.5641028857350111 0.1306299148072818 0.03161361436318479 0.06268180718159236
81 0.5477420875304093 0.12272196603694582 0.030087475799503237 0.06892271682251275
81 0.5260261688143025 0.09525095100983116 0.030005662567786473 0.05486021682251274
81 0.4847108224050988 0.07938505649422131 0.02532725292686635 0.05639544574527389
81 0.34413529849918956 0.20435271935659555 0.028506795081344016 0.06578862646343317
81 0.2512216115345144 0.060057297811818455 0.025327252926866172 0.05639544574527389
80 0.35111252722555897 0.07938908079291399 0.040970433645025395 0.05961134933607006