80 0.3701109342592189 0.3094916120254937 0.048941518783080264 0.0893261204133089
80 0.21964011308123035 0.6477870184449601 0.07145318874502422 0.10507838544042372
80 0.6262030612549758 0.10101954011137423 0.043872016805913995 0.07992384933607007
80 0.7103724728139627 0.12474286554153506 0.04036501482874755 0.07053066861791084
81 0.6856788789357422 0.17487467574818955 0.03204317885919252 0.057985216822512745
81 0.6455977069966319 0.20010193472518 0.03612318380210837 0.08144089754067192
81 0.747230485665544 0.06360537764178349 0.028918178859192522 0.0579670361043535
80 0.6486019846769608 0.0688655702637994 0.03985567885919252 0.05803066861791084
81 0.44763239228161505 0.11299334104645067 0.03829317885919252 0.05802157825883123
81 0.4284685568063515 0.12325867535540609 0.03504084486680377 0.05487839754067196
81 0.41070805384060194 0.13742116930528187 0.033669345855386903 0.059556807181592356
81 0.5084544871484187 0.057964952580965 0.036412343878220454 0.050199987899751594
81 0.4793108152093085 0.08312857904439812 0.03772017589344294 0.04395907825883123
81 0.3441877628144002 0.3322933077707676 0.03373301285158128 0.0611193071815924