81 0.292884744629229 0.27750387304558755 0.07810791335136277 0.1332579275949013
81 0.4968359006206384 0.3419759600850175 0.06602608402290819 0.16912270472226432
81 0.29346326324795846 0.6306561441228264 0.13737382535009016 0.12422836123992678
81 0.08413316923936795 0.6927238311856975 0.13737382535009016 0.1242283612399266
81 0.6349053285725953 0.6967094327612627 0.0031431813335455415 0.0015806807181592219
80 0.810341680577686 0.6602275529781799 0.125564716024817 0.18353063836728972
80 0.9138201218969139 0.7647428570365143 0.155252216024817 0.1837033551898024
80 0.7163591546387741 0.20965031517662416 0.08294086401972649 0.14578519867214013
81 0.9559109086171386 0.3704297756544251 0.07996131468809012 0.1582670179539809
81 0.13311884595800194 0.3101704064194665 0.08097837468172657 0.11140110831306052
81 0.21713076662954717 0.2747192406302261 0.07009541868236288 0.11602497579950324
81 0.07704156862668365 0.29499940349260034 0.062337462682999244 0.12066702400410509
81 0.6682312846515007 0.11561396886561619 0.049564742679817544 0.09715680113146816
81 0.6518801259945912 0.0436389749157404 0.029052248010817648 0.07985112646343312
81 0.7385710566518189 0.113679285024199 0.04009883601209037 0.08928975897699046
81 0.7768335779758193 0.18265654400118944 0.06517156134627218 0.09568520472226431
81 0.5267437659930003 0.05463049618937098 0.025999973344999462 0.08608294574527389