80 0.5832194540910479 0.6668497403132634 0.09546666542531543 0.1395729526972918
80 0.6405696894087396 0.8234984773954857 0.10654971463952716 0.14295252583555537
80 0.5673333966046686 0.846319687976562 0.09136136228216234 0.15196384992375017
80 0.46239106968297916 0.5578221920606247 0.0830394400324213 0.1408445119678472
80 0.5173974392038518 0.42906010600458294 0.0677397717116218 0.1139547036472223
80 0.5410253761359012 0.281475937976562 0.0640325748547749 0.10138196846486114
81 0.5383863353987449 0.49348562870600654 0.05963617328319835 0.1075228656913195
81 0.6068794702210984 0.45278658710288144 0.058073673283198346 0.10748649810013884
81 0.6281658112059237 0.338887088052812 0.04633565260503385 0.09004442496187508
81 0.42987805272886837 0.12842563279006908 0.04346320967712849 0.06188305737069446
81 0.44190501778268027 0.11797844206062465 0.037140435070022446 0.06017508700597225
81 0.4570205955329393 0.10667726614881907 0.031254308105551944 0.06784211664124999
81 0.486887877997928 0.07626241432520793 0.03655823821317572 0.04767508700597225
81 0.5101412874273874 0.03818053286631902 0.03521406203449331 0.052326219414791694