80 0.5450495720550333 0.23125 0.06043155771188111 0.075
80 0.6215674320364999 0.21015625 0.04922123920022692 0.0671875
80 0.6418129554501448 0.3015625 0.04927580290255769 0.06875
80 0.5927033328548065 0.2984375 0.038392866604888456 0.0703125
80 0.7502479265093862 0.6640625 0.08432541469812271 0.1328125
80 0.34127478602751665 0.115625 0.03381449400955026 0.0734375
80 0.31909225118112633 0.0796875 0.033377984390903316 0.0609375
80 0.2519022619808996 0.146875 0.042916675497895976 0.065625
81 0.769032675961232 0.46171875 0.039429576949174816 0.1
81 0.512450381581013 0.11328125 0.03208830290255769 0.06875
81 0.5301735949205242 0.1203125 0.039409729581580066 0.0546875
81 0.544498989748381 0.13515625 0.03973711179556503 0.0640625
81 0.4739434422881189 0.075 0.034613102176918174 0.0515625
81 0.3174702090783419 0.215625 0.028963302902557685 0.06875
81 0.22057290562763007 0.08203125 0.023784729581579976 0.0546875
81 0.21357886116259292 0.05859375 0.018988102176918174 0.0515625