80 0.39765625 0.2827223656628616 0.0640625 0.09486821509696401
80 0.4375 0.2959178409060952 0.0453125 0.08516593262955982
80 0.73046875 0.16665662945928394 0.0359375 0.06156479139585782
81 0.778125 0.2729572223972693 0.034375 0.08028751785690744
80 0.81171875 0.2180748534847016 0.0375 0.0740920649348082
81 0.47265625 0.9145002455324779 0.0984375 0.15484323295387128
81 0.51953125 0.14188095170098805 0.0359375 0.06000229139585782
81 0.53828125 0.12736448416839213 0.0390625 0.0631818384737585
81 0.559375 0.12617017694422172 0.0375 0.06471706493480815
81 0.7296875 0.2682054926898088 0.03125 0.07554547077900686
81 0.86015625 0.16188908319216216 0.0265625 0.04890115016215577
80 0.76328125 0.14769812377724106 0.040625 0.06008411201270882