81 0.67578125 0.284375 0.05234375 0.1390625
81 0.5765625 0.61796875 0.08203125 0.10625
81 0.65 0.6109375 0.09765625 0.10625
81 0.74453125 0.309375 0.07265625 0.11171875
81 0.20859375 0.18984375 0.05234375 0.0875
81 0.24375 0.12890625 0.03984375 0.08359375
80 0.77265625 0.45703125 0.09921875 0.15390625
80 0.92734375 0.459375 0.11796875 0.1671875
80 0.92109375 0.7796875 0.15703125 0.2
80 0.50625 0.09375 0.02890625 0.10234375
80 0.16171875 0.30625 0.11640625 0.11875
80 0.03828125 0.34140625 0.07578125 0.1296875
81 0.83671875 0.2578125 0.065625 0.10390625
81 0.89921875 0.2859375 0.04921875 0.096875