81 0.5761778894149151 0.7163674269075302 0.09150278685861987 0.18483860831306043
81 0.6014503948135859 0.6110850292686624 0.13046515730897051 0.18350336729005096
81 0.2250719602067194 0.4167794756031114 0.12802247532299776 0.12101245764913067
81 0.45622542334809957 0.233818026439992 0.070650066315984 0.1519170240041051
81 0.3859327097452941 0.2459044151018694 0.11123549352159498 0.12716246369925477
81 0.5102818676725736 0.23647539382823882 0.054985493521595076 0.12683521077238852
81 0.47498831045588796 0.08788790290342512 0.05049825262089378 0.12993293969514969
81 0.13182620064599546 0.2413022317514315 0.10618704811738686 0.14587610226293632
80 0.7257320966961991 0.46654975496996975 0.11263730721668548 0.14903746369925486
80 0.532444369213733 0.38732936670087575 0.0982744185677376 0.1442681504675382
80 0.21883364975083142 0.3316186804235716 0.11389941856773751 0.14435905405833438
80 0.10412241671281101 0.7229925932859459 0.12754041640826924 0.18661018657189174
81 0.7814175855943157 0.14121393256487097 0.06129605027685514 0.10344316256778666
81 0.7664644116279072 0.10285995969223402 0.06724566162790709 0.0987920240041051
81 0.7330418399132522 0.05658894769018148 0.05646884793281668 0.07686248184962738