80 0.4601642985973854 0.26987370110802705 0.06462610226293623 0.09724770472226432
80 0.6821352682485685 0.12037873691779295 0.04101588544042354 0.06742384933607007
80 0.41430689793345543 0.2289805355151783 0.042542024004105096 0.06118293969514967
81 0.45164379235086943 0.12294415895354933 0.033248837235821685 0.07519089754067196
81 0.45728071399384235 0.094069725210328 0.026917024004105096 0.06109203610435352
81 0.511218780250621 0.0889145925985748 0.025345433645025395 0.05952044574527389
81 0.48692730737798406 0.10127369203284073 0.03163179508134384 0.06580680718159235
81 0.43596879537593153 0.13144700536275317 0.04568520472226432 0.0643261204133089
81 0.338202940186129 0.28400840309981684 0.03630111436318471 0.06270907825883124
80 0.33607281362450003 0.24727601756119738 0.05507838544042354 0.06750566256778665
80 0.3518296238311545 0.22471067115199359 0.05032725292686617 0.05654089149054773