81 0.384375 0.5671875 0.11484375 0.175
81 0.45 0.77109375 0.125 0.17109375
81 0.56953125 0.46875 0.05703125 0.14140625
81 0.50078125 0.42265625 0.05546875 0.159375
81 0.52734375 0.3359375 0.05859375 0.15234375
81 0.6984375 0.4890625 0.08671875 0.15234375
81 0.771875 0.465625 0.06640625 0.12265625
81 0.25703125 0.2796875 0.04765625 0.09296875
80 0.32421875 0.075 0.05234375 0.10546875
81 0.25546875 0.1078125 0.03671875 0.08203125
80 0.2765625 0.12265625 0.046875 0.10390625
80 0.22421875 0.2078125 0.07109375 0.1
81 0.9203125 0.31953125 0.06953125 0.1171875
81 0.78984375 0.26640625 0.08984375 0.0984375