81 0.39933554835150475 0.6274105649381034 0.13575110174504035 0.20056483603812653
81 0.3319348809029085 0.5981554874213936 0.09820754307885 0.15465231818121908
81 0.386075349728228 0.38184864894763504 0.09613159084927707 0.12496481818121899
81 0.22549811866976296 0.29023566761532144 0.10496028763096846 0.11731595941492108
81 0.7790269462774881 0.14090072606060314 0.06346120248167467 0.10410684740221221
80 0.7921461252029254 0.7009245625057667 0.1499992720436282 0.2257830243497292
80 0.8970242853620544 0.5289892869382216 0.1427987772394083 0.18976370373287815
80 0.5394288507366342 0.08578039813685619 0.054632505699983194 0.1117557061685102
80 0.2632295315036567 0.888844717128854 0.19000155917039335 0.19526940990138825
81 0.17807109763454104 0.22083683117015784 0.08820983020561535 0.12326595048646735
81 0.1070648289451076 0.24314425365344797 0.07560056956195357 0.12148526217486459