80 0.2409091923687925 0.19393076541989812 0.038645488635914306 0.06584316861791084
81 0.6505622508074836 0.6103399979568966 0.0726307508107789 0.13322156615858277
81 0.5551309740221224 0.5593274646812134 0.06303756249917605 0.12066702400410492
81 0.5169530896882792 0.47594733811958445 0.056705741882325175 0.11594316256778665
81 0.19208986282348772 0.17233756655136626 0.03543866801906326 0.061137487899751576
81 0.16627165665497753 0.12560801229664015 0.032150026785361205 0.051744307181592356
81 0.14653585511285 0.11400289178513537 0.024310253246410875 0.05013635538619425
80 0.2489165612813602 0.1602870184449602 0.03557503571381497 0.06894998789975157
81 0.49671313311602716 0.122122901351301 0.03524775324641087 0.05019998789975157
81 0.4731392654212755 0.11444675673749524 0.04325116801906326 0.06118293969514967
81 0.41808357264544593 0.09367116930528188 0.033685253246410876 0.050190897540671964
80 0.38443527556754525 0.09074161202549366 0.03996252678536116 0.05178975897699043
81 0.2800183311668626 0.28590009680198725 0.04366027110331831 0.08462043969514968