80 0.5515625 0.409375 0.046875 0.08359375
80 0.5921875 0.34375 0.05703125 0.0875
80 0.75 0.34140625 0.05625 0.071875
80 0.35703125 0.30703125 0.04375 0.1015625
80 0.2921875 0.38828125 0.04765625 0.09765625
80 0.6734375 0.1203125 0.03359375 0.0578125
80 0.75 0.1671875 0.03359375 0.071875
81 0.33125 0.88359375 0.05703125 0.16875
81 0.45078125 0.128125 0.03203125 0.0515625
81 0.490625 0.10546875 0.025 0.0484375
81 0.515625 0.08671875 0.0265625 0.04609375
81 0.5453125 0.07578125 0.03671875 0.05390625
81 0.7765625 0.11875 0.02578125 0.059375
81 0.7859375 0.09140625 0.01640625 0.0484375
80 0.6953125 0.0921875 0.0296875 0.05703125
81 0.8015625 0.05703125 0.01953125 0.04921875
81 0.434375 0.18984375 0.03046875 0.05234375
81 0.390625 0.2375 0.03515625 0.04921875
81 0.3953125 0.29921875 0.040625 0.0640625