80 0.44443249249746497 0.40174957260504823 0.06668096656499997 0.1132454346753633
80 0.41096602906659685 0.39667172127627537 0.06431837955902786 0.07885225334181785
80 0.3752831022048608 0.3861523919478206 0.07049564437666671 0.07579997867599957
80 0.3438343868741317 0.32794044995227495 0.06900587955902786 0.07890679734245412
80 0.279082862272847 0.25761940662795635 0.059667247150208345 0.08036020934118149
81 0.6258117386977429 0.29341780991409483 0.0505104526972918 0.08962612133990877
80 0.6393670520523609 0.21437519991250403 0.06166615824437507 0.09912839067472685
81 0.318222563832777 0.958536469287093 0.07049564437666671 0.07579997867599957
81 0.2691317536122909 0.9200557719605473 0.09106402393569457 0.15414315467854464
81 0.2214755036122909 0.9206103026336834 0.09575152393569457 0.15419769867918126
81 0.29575076463020766 0.816648961290593 0.08775718597979179 0.1462942920114539
81 0.3339430552834022 0.7193557906190476 0.09208101006798622 0.13072383601209037
81 0.49354018009277734 0.5066183385980486 0.065045731382639 0.11010225334181775
81 0.48607382541937466 0.4582808359325486 0.047458187879652766 0.09271475867281787
81 0.331603224545694 0.5178751066200021 0.07449346656500015 0.11333634134309048
81 0.5764091911106941 0.40255699992045824 0.060067290653194404 0.09754770934118148
81 0.5593139165094094 0.33168142592300354 0.045822952697291794 0.0895715773392725
80 0.70325163335875 0.024143287953547594 0.04037173328249999 0.04828657590709519
80 0.35858917752732616 0.23091999928391135 0.051381968464861136 0.059956802673454226
80 0.22917443446118035 0.22071029996818328 0.051381968464861136 0.059956802673454226
80 0.2609335807377081 0.1984716732972744 0.049928571238402775 0.06462612133990878
81 0.39843488715847214 0.12970239727882069 0.03713763050895835 0.051980670671545236
81 0.41293379825263876 0.11078876527691169 0.032413762917777866 0.05036362667090888
81 0.435080901976111 0.13240013594050276 0.0434603656913195 0.05517839600572705
81 0.4524508931423957 0.09080298193827556 0.03731946846486114 0.059793170671545236
81 0.4411828187698609 0.27291604793923 0.047385452697291795 0.08958975867281786
81 0.5991804227776736 0.09534393658500376 0.035866071238402776 0.06446248933799978