80 0.6967131892084251 0.2947443359591325 0.057311242036904984 0.07311149810013892
80 0.7918289971574025 0.2400042442035076 0.05298776308359247 0.0792523953265972
80 0.6454314102692299 0.28496863924576443 0.058873742036904986 0.07314786569131951
81 0.5755130233951746 0.3168894800514588 0.051789284130279965 0.08546602773541671
80 0.5965766813159172 0.2900730601235769 0.06098227360693613 0.08255923328249999
80 0.4480034024473093 0.20391474173496565 0.05694722099021767 0.06686149810013893
80 0.3843049234939967 0.20867367049656282 0.0655787683452644 0.08110583605604171
80 0.3718188759977757 0.34257589181121556 0.07364887357870131 0.11250130642076392
81 0.6371400391096029 0.3971231471295491 0.060693847270341904 0.10439786569131951
81 0.5834990996188292 0.4138190314382296 0.05600634727034191 0.10428876291777786
81 0.5522406653191403 0.5067143930454865 0.06400085779368574 0.10759560087368066
81 0.5280450311465081 0.46636149676895877 0.05159186305535748 0.10886716014423606
81 0.4543051523061349 0.3522976903481948 0.048391268345264395 0.08070579255305557
81 0.41330842598365825 0.35836519918191 0.046737763083592475 0.07910692496187507
81 0.5531822680629157 0.38892748100138935 0.05151626834526439 0.08077852773541672
81 0.6967656680911505 0.3626221669811811 0.055096294653623444 0.08866376291777778
81 0.6647120312876824 0.32130618274875056 0.041595236775233246 0.07118532218833336
81 0.5398654077795684 0.1334950985925699 0.04408319994353036 0.06032055737069451
81 0.5578873656861936 0.12143150968673658 0.03121917889684287 0.05377961664125004
81 0.5715480472844595 0.10146450180295186 0.03416216837349921 0.05072735182361114
81 0.6002568762095372 0.1255384346486116 0.044902247298576906 0.0743830573706945
81 0.7473278392366599 0.26627515026368115 0.03912268415851479 0.05552395459715278
81 0.7699231760542454 0.2925473627446187 0.0410492052052021 0.06181032218833336
81 0.732953797072698 0.32757567296510476 0.048846294653623445 0.08851829255305557
80 0.8180660024896615 0.16805716223152845 0.046282736775233244 0.07129442496187503
81 0.31883038389028345 0.34368314371107667 0.06383425782192056 0.07794446846486114