80 0.7400418121203471 0.0749128941892355 0.031324041603125075 0.0710034842324306
80 0.33475228723472206 0.21084004891822888 0.043969511967847284 0.07754442496187508
81 0.49158547511437495 0.11505215739135374 0.03899107123840295 0.06493532218833335
81 0.5090275482526387 0.10371461388836763 0.03259560087368065 0.05853985182361114
81 0.5742901787615972 0.050661042649964794 0.032450130508958355 0.05228985182361114
81 0.5467100394189235 0.061453725495624535 0.04197060087368065 0.058758057370694464
81 0.6588625876715624 0.1744057075438536 0.031287674011944586 0.06944098423243057
81 0.6773398307377082 0.18568804644968692 0.02660017401194459 0.06933188145888894
81 0.7023761983288888 0.18354366499079802 0.026636541603125074 0.07089438145888889
81 0.716256860372986 0.191028856670173 0.03106946846486114 0.06006598423243057
81 0.7313727140964581 0.21254018075836742 0.032886541603125076 0.07103985182361114
81 0.7565922260643054 0.1354321668906591 0.029543336056041803 0.06159211664125004
81 0.12155738373999962 0.44692693854524296 0.06573540919430561 0.07336607123840296
81 0.17233863373999964 0.4457449918318749 0.06737064437666676 0.07652743882958343