80 0.615625 0.82109375 0.0859375 0.1375
80 0.39609375 0.80546875 0.07890625 0.1140625
80 0.1734375 0.8953125 0.090625 0.15546875
80 0.7015625 0.94765625 0.1015625 0.10390625
81 0.5015625 0.19296875 0.03203125 0.0484375
81 0.4703125 0.15390625 0.02265625 0.0515625
81 0.48984375 0.14453125 0.0234375 0.05078125
81 0.53046875 0.1328125 0.028125 0.04609375
81 0.5484375 0.13984375 0.028125 0.0421875
81 0.55546875 0.090625 0.03125 0.040625
81 0.35546875 0.3453125 0.04765625 0.071875
81 0.521875 0.10234375 0.021875 0.04296875