80 0.40390625 0.30078125 0.03671875 0.06953125
80 0.66953125 0.1171875 0.02578125 0.0640625
80 0.75390625 0.153125 0.028125 0.07578125
80 0.36875 0.8515625 0.0828125 0.14375
80 0.69453125 0.090625 0.03125 0.0578125
81 0.79140625 0.08828125 0.015625 0.04765625
81 0.475 0.115625 0.028125 0.0453125
81 0.45546875 0.128125 0.025 0.04375
81 0.49375 0.1125 0.02578125 0.05625
81 0.55625 0.0640625 0.021875 0.05703125
81 0.525 0.0875 0.034375 0.0359375
81 0.728125 0.20078125 0.0203125 0.0546875
81 0.684375 0.22578125 0.0203125 0.075