80 0.3509461044859715 0.865625 0.08891964247680564 0.128125
81 0.798918664325208 0.4828125 0.06907861474138884 0.08125
81 0.8368732592149648 0.46328125 0.08314111474138883 0.08125
81 0.49783482190399286 0.16015625 0.04832970364722229 0.0625
81 0.479284843655486 0.1515625 0.03444904160312508 0.0703125
81 0.4367343209540624 0.13359375 0.042079703647222286 0.0625
81 0.4134247607335763 0.09453125 0.03401263050895835 0.0515625
81 0.3239758285535067 0.34609375 0.04128092306201392 0.0953125
80 0.1776684454790971 0.1203125 0.034267203647222286 0.0625
80 0.5011734549784024 0.3859375 0.06017639342673622 0.1015625
81 0.2833339511786803 0.2796875 0.03444904160312508 0.0703125