80 0.36015625 0.296875 0.05 0.0859375
80 0.4015625 0.30234375 0.03125 0.0796875
80 0.6671875 0.11875 0.0265625 0.0578125
81 0.73203125 0.21484375 0.02109375 0.07734375
80 0.75546875 0.15390625 0.0265625 0.06953125
81 0.54375 0.9046875 0.07578125 0.14140625
81 0.45546875 0.13515625 0.02734375 0.05625
81 0.47109375 0.1171875 0.0296875 0.0578125
81 0.4921875 0.11171875 0.02734375 0.06015625
81 0.68359375 0.21953125 0.01953125 0.07265625
81 0.79375 0.08984375 0.01953125 0.0453125
80 0.69609375 0.09453125 0.03125 0.05546875