81 0.53984375 0.62421875 0.08515625 0.16015625
81 0.61875 0.63203125 0.0875 0.14375
81 0.78828125 0.33828125 0.07109375 0.1171875
81 0.1421875 0.42890625 0.103125 0.128125
81 0.03984375 0.35703125 0.07890625 0.08671875
81 0.03671875 0.88671875 0.07265625 0.22578125
80 0.5296875 0.4921875 0.10546875 0.128125
80 0.70859375 0.47421875 0.09609375 0.1484375
80 0.940625 0.484375 0.11875 0.175
80 0.37265625 0.45625 0.13359375 0.1671875
80 0.18984375 0.2640625 0.08515625 0.1390625
80 0.51015625 0.08984375 0.04296875 0.1171875
80 0.509375 0.91484375 0.1625 0.1703125
81 0.91328125 0.28203125 0.059375 0.10390625
81 0.83828125 0.26484375 0.05859375 0.11875
81 0.25703125 0.103125 0.040625 0.0875
81 0.37109375 0.04453125 0.04140625 0.0890625
81 0.33671875 0.02890625 0.04296875 0.0578125