80 0.3680262374635877 0.11574337134490438 0.036284492478152595 0.06622501785690749
80 0.27766566191590936 0.1500853693163095 0.03981866943775678 0.08034206493480815
80 0.4816257362099464 0.12865820291880403 0.04248902837152997 0.06477161201270883
80 0.5985009991420702 0.1736451948011292 0.046721887305303154 0.04922843262955987
80 0.7571702716411053 0.447370841309837 0.05732441818411545 0.09157957386326192
80 0.8331992257185981 0.537715197640503 0.0643018438900782 0.11668866801906326
80 0.8159315062016992 0.4273134857899499 0.06776181301126591 0.07458298863591431
80 0.8900629911580044 0.5597907950427152 0.07064277210332363 0.1199227621748646
81 0.4081129945232167 0.36631611566286154 0.04160848997087001 0.08818183847375849
81 0.5779695387963713 0.13892927556424994 0.03748327962517113 0.05375229139585782
81 0.5613132362099464 0.13004915340527137 0.029716243731793844 0.05517842370110611
81 0.5436710951437196 0.11412414447681765 0.032522994985435004 0.04429547077900677
81 0.4855714386380866 0.07640991030513022 0.03725595909205772 0.04593979139585782
81 0.5150687220241815 0.09722697077571152 0.041897994985435005 0.04445911201270882
81 0.6557201172470434 0.2347696554338663 0.03900031551854859 0.0522170649348082
81 0.6694021840192331 0.27561284374546896 0.04717652837152997 0.06485343262955982
81 0.23988686559769076 0.08617682792045167 0.027971887305303155 0.04890115016215577
80 0.33522209765100214 0.08862176379642242 0.03918217194503928 0.058467064934808154