81 0.5269447154577319 0.5881200851927182 0.086514898209672 0.18012383723582168
81 0.6459789104005148 0.7779814950300303 0.12062908235511323 0.2006272347764936
80 0.5039623025932071 0.30086097970832804 0.06596256631598418 0.15188975292686627
80 0.7046503223329639 0.14272070590061472 0.06954864126984148 0.1347295240041051
80 0.6929189713178281 0.5207729830279778 0.12201230721668548 0.14909200585373233
80 0.7665789119416743 0.6265548295353774 0.1565875663159842 0.15241699375348397
81 0.4225168337486143 0.548117774789672 0.12563795496493207 0.15692268657189173
81 0.3571664481819853 0.2517336541799714 0.07842299352159499 0.12697156615858277
81 0.2912713379106674 0.2685171540817755 0.08397208667404979 0.1160704275949013
81 0.14936444016242084 0.2771523315784809 0.0692482526208937 0.13004202400410508
81 0.07642758791066744 0.2697670784552229 0.0794848457733484 0.11916815651766247
81 0.2121147640365441 0.2728824672152962 0.09500971622369914 0.11769656010845857
81 0.45702315314691744 0.09496095853289335 0.05105945712440043 0.11431703005422929
81 0.8561966286267986 0.3370787181972548 0.09783432757475126 0.11302724082661779
81 0.7514647655777036 0.11901958548730578 0.047834327574751076 0.11273634933607006