80 0.5586469866594753 0.7960441320814509 0.1019453595655099 0.127671561346272
80 0.38933374265236914 0.849576570058861 0.11452060266810493 0.15904883068109044
80 0.43121030416318684 0.927454480028635 0.12348616689245624 0.14509103994273004
80 0.6036894075086604 0.32440548941754155 0.05910940637700666 0.08501134667409058
81 0.3985869911820311 0.6730140700588609 0.07982469810012063 0.12272952267663584
81 0.2765713868164455 0.22679195603913457 0.04702548620519007 0.0630090773392725
81 0.2989686872459868 0.1723317227084526 0.04077548620519007 0.06293635200509069
81 0.4995186431480235 0.05975154873486051 0.033706614653892686 0.047238626670908876
81 0.5194759390550091 0.12643051873804217 0.03732293758467105 0.056649989337999786
81 0.5183571743556881 0.08811290607095128 0.0329696302577247 0.03317612667090888
81 0.5496138184082227 0.11818221407540563 0.0374048247398008 0.05821248933799979
81 0.5686537454774442 0.12778448074472368 0.035187227498762755 0.04569430800445433
81 0.5820202046588413 0.1412293627466327 0.04168288896415202 0.05045453333863614
81 0.6170602679786814 0.17368787408495062 0.048506099050060314 0.06146475867281791
80 0.7702473072154046 0.6366889554423587 0.08615658525525056 0.12436474801081765