81 0.5527080020025847 0.32265625 0.10458497532299767 0.1203125
81 0.8552334222683655 0.25234375 0.09138406847545255 0.109375
80 0.8615274992248076 0.5578125 0.14292558451458143 0.1578125
80 0.9693471846068664 0.45 0.06130563078626707 0.13125
80 0.3997296036360294 0.5078125 0.1269000663159842 0.1515625
80 0.34547409777593324 0.44140625 0.1308866594684389 0.140625
80 0.15879132787929293 0.64921875 0.16776489820967194 0.1796875
80 0.2976301896917703 0.81640625 0.19300473010335964 0.2078125
81 0.810463537938354 0.16328125 0.0600339389258032 0.1078125
81 0.7943088093761539 0.10625 0.05973355027685514 0.103125
81 0.7691691070321154 0.0796875 0.05903264342931003 0.0921875