81 0.6864409875300946 0.37481369566652833 0.09765991316955044 0.13655705547083344
81 0.5205288310244617 0.4076956647969796 0.10882473370266403 0.14462412860909737
81 0.43645535939599167 0.34163294728204896 0.09684155925034225 0.10843205547083343
81 0.39511129387744315 0.3922680737069448 0.08604045157021031 0.1128649823325695
81 0.3197475810244617 0.4030224293302781 0.08309730799670109 0.11904224715020835
81 0.23559154137016067 0.3666653956109377 0.07225073620994645 0.1219126740119445
81 0.3352876644896988 0.3525684876509031 0.088938131037097 0.10512521751493065
81 0.8235211018741442 0.28497255850805625 0.10451766693047446 0.10392639342673622
81 0.20459760563506793 0.30340167619614605 0.08563127461060623 0.0988024823325695
80 0.42401388070789253 0.5274067931217366 0.13694973370266403 0.14527874525034737
80 0.7782276707579049 0.41760256734177154 0.11718280298213628 0.163555966565
81 0.40089725877548865 0.08594533852458366 0.05148359514371954 0.10581489532659727
80 0.22790444418137695 0.7651938145888891 0.1362797954602888 0.2295810100679862
80 0.08454323759660168 0.8290900475870486 0.15296719028743927 0.21279355357097246
81 0.13680470038307613 0.34951230357097235 0.0827790592503423 0.10810474715020835
81 0.05421116072877512 0.31319163744281253 0.0661371285298145 0.12645470364722228