80 0.41694967946154027 0.5354069572724574 0.11867294724210709 0.13410337468172653
80 0.4183217346385074 0.4448274106063209 0.10627936305535748 0.10897610534690845
80 0.6386503742139858 0.5492223672422314 0.14531104195220051 0.1625192760184536
80 0.13651799779268708 0.4442028913112738 0.14430998407381015 0.1453317760184536
80 0.032336544935972225 0.4815130819939548 0.06467308987194445 0.12759883601209038
81 0.3059322106080483 0.0823194146244565 0.04948333148532651 0.09894657733927245
81 0.3262293000564697 0.055538738621911145 0.05316977360693613 0.08181362133990877
81 0.6627983186840828 0.26866271057450425 0.08825740514873245 0.12125792934436319
81 0.7201634976515128 0.28907466056655007 0.07402830517696728 0.09142497867599957
81 0.543622655431081 0.17011721725813983 0.055626915672075936 0.12400112133990877
81 0.5811373369587599 0.11581097792014003 0.04370376834526439 0.08014203333863615