80 0.75859375 0.15 0.0390625 0.08125
80 0.671875 0.1234375 0.0359375 0.071875
80 0.3546875 0.29765625 0.04609375 0.0796875
80 0.4015625 0.27421875 0.0265625 0.06796875
80 0.4328125 0.22578125 0.04765625 0.06171875
80 0.35546875 0.1828125 0.04140625 0.07578125
80 0.284375 0.71796875 0.06953125 0.1453125
81 0.04296875 0.68671875 0.0734375 0.096875
81 0.30546875 0.3109375 0.046875 0.0625
81 0.56328125 0.06015625 0.02265625 0.053125
81 0.79375 0.08671875 0.02109375 0.0484375
80 0.69453125 0.09609375 0.02578125 0.05625
81 0.68515625 0.21796875 0.01875 0.08203125