80 0.43099049593951494 0.30834766859670176 0.048375044642268605 0.08702852773541672
80 0.7105376741048479 0.35155803362243115 0.07334777110331832 0.08604790919430565
80 0.7954330511350906 0.20437586872854233 0.03573867694751698 0.0789250870059723
80 0.7102534817360555 0.15631826880479224 0.034012535713814886 0.06951371941479172
80 0.38004560470581283 0.29779072188333366 0.051445497564368024 0.08397626291777786
81 0.2645759322192275 0.7066546159756599 0.07260347727182861 0.1328865416031249
81 0.7624665925309483 0.23953146551816035 0.025954573863261922 0.05526938145888893
81 0.7174813749983524 0.25722680537392417 0.029325035713814885 0.06940461664125
81 0.8365705198855025 0.14520154369041735 0.024310253246410694 0.05054551386770836
81 0.6105886724832901 0.08371461056041717 0.036755706168510115 0.0477114545971528
80 0.7411216521907507 0.1351706206284034 0.03541139448011279 0.06017508700597225