80 0.7203320022718024 0.5915315742518106 0.06439644789030421 0.10815793364502539
80 0.8015499230738014 0.6583923422057913 0.08968754631872748 0.11455337939029935
80 0.7442360750596626 0.5010702007152436 0.07802230024766903 0.09886474687674215
81 0.5005158844080688 0.1146003938282388 0.030672111248705038 0.05485112646343313
81 0.44826202564056317 0.09945666197861143 0.03328768899896399 0.043931807181592356
81 0.5211194828364922 0.12096856849627384 0.028672963606069857 0.04546703610435352
81 0.4266203120344933 0.05403053249011621 0.025766287427387447 0.05013635538619428
80 0.31372255313864394 0.9326630299560336 0.11258139081820957 0.13467394008793293
81 0.9673140101296852 0.5617269413454696 0.04597177956950453 0.08149543969514958
81 0.625779211744043 0.2551350111182898 0.049785984284234176 0.06277271077238851
80 0.6501199321745383 0.1740486375817229 0.04673375889134022 0.06431703005422928