80 0.26958160086747746 0.5216739703385541 0.07712130937615384 0.10665906615858275
80 0.41024737122554306 0.5567797024827692 0.07247338217054296 0.1316227047222643
80 0.42646984192506227 0.8885927838648584 0.12503717766703631 0.14754768657189174
80 0.7490313780084898 0.1448053806668456 0.04140505243632351 0.061155668617910844
80 0.08321090916389709 0.39546197004396655 0.08130816162790724 0.09887383723582169
81 0.5192437484588405 0.1477041634515494 0.03994268198597286 0.06270907825883124
81 0.49749915638611986 0.15798313329912425 0.03964229333702498 0.05802157825883123
81 0.5589465985511255 0.11311099483363858 0.03994268198597286 0.06270907825883118
81 0.5944230235972681 0.09572350693388698 0.037579145588778215 0.05019998789975157
81 0.37667910934846727 0.32503025361423726 0.05324371838316742 0.0752818011314682
81 0.7602809562015498 0.22517868189650958 0.03771884793281668 0.07675339754067192