81 0.6040998907144978 0.3663089050133338 0.07056813335454457 0.1578501740119445
81 0.661902752705271 0.2997039396826047 0.07965223201781732 0.13306837955902787
81 0.6260726986791812 0.10673453647222275 0.05417951734563573 0.09186149810013892
81 0.324302755370771 0.28325478998760445 0.0969670013526355 0.1444059230620139
81 0.20518967604231625 0.3164101692622919 0.08413973734881744 0.11598998233256949
81 0.9068276380887687 0.6748357987244105 0.11875218936981646 0.27144120174736114
81 0.5301015060868597 0.6520087092498963 0.09278857869190808 0.18804682028847228
80 0.46132894601368124 0.111491505602674 0.05757723734881744 0.11537173328250003
80 0.8411015460693605 0.5303759774860076 0.12827154535327168 0.14982077488562523
80 0.8533908187062256 0.31119021960222293 0.13424882535009033 0.12652874525034735
80 0.9693243540340439 0.6138996051451745 0.06135129193191204 0.18125130642076392
81 0.6955403140117722 0.10288414427975753 0.05436133068109008 0.10748649810013892
81 0.6700948713399087 0.06402101282086863 0.04316929201145392 0.08535692496187504
81 0.6385176073360908 0.03516866099725748 0.0520352146721816 0.04182513050895838
81 0.39500505935708985 0.18414644918191006 0.05167268268618095 0.14491376291777783
81 0.40997498400699967 0.06109080888930589 0.05574201734563573 0.0918978656913195