80 0.45379351943521495 0.38803320291880405 0.049257125230712615 0.08670115909060953
80 0.4127760980897003 0.29580874675029384 0.05384449568106327 0.08522047970746058
80 0.2930317018826131 0.15058992978689079 0.03838018198597286 0.06310001785690748
80 0.3284802436784785 0.24428142856907478 0.05001858883351806 0.07422843262955983
81 0.28183578115540725 0.25207060917003976 0.037218200184570095 0.06932274431795715
81 0.24891265962532244 0.22881434131313227 0.036056218383167415 0.07554547077900686
81 0.2607210471945362 0.2032103693163095 0.03495479333702489 0.05835797077900677
81 0.21629922116094455 0.1641109131477993 0.02431768198597286 0.0628545560063544
81 0.23873542566445138 0.18014501623205442 0.03172966378737554 0.0567409237011061
81 0.512042517737172 0.17474799877888875 0.03681768198597268 0.06307274431795715
81 0.4625431654854186 0.16606274553247785 0.04226664558877822 0.05068183847375849
81 0.4866012291805091 0.14458321184725778 0.025679922886674155 0.05975682954530477
81 0.45688345080287895 0.13233262783772615 0.037278756939830335 0.04591251785690749
81 0.44565485657069004 0.10006955275664826 0.02976664558877822 0.050463650162155774
81 0.4777163849483202 0.1123610470746054 0.03884125693983016 0.04593979139585782
81 0.8324623326688801 0.5448106773479635 0.07501858883351815 0.07466480925276535
81 0.7520028770856392 0.5066464297835955 0.05989423658176474 0.08220457386326192
81 0.7402631431247682 0.4579498311635673 0.0622182001845701 0.06975912094116268
81 0.3609830606127715 0.2863013331954575 0.051019884330011325 0.08985343262955983
81 0.6398008706072342 0.3779838672844193 0.05118057063492074 0.0680057061685102