81 0.629412705704223 0.5917384400859051 0.09625789734428025 0.163609061346272
81 0.49278485929501914 0.5745225734006787 0.10238972267624522 0.14336928668045382
81 0.10017920277735673 0.6418340586807721 0.1511272045258726 0.19549540802036275
81 0.22259105484390132 0.4166806120305441 0.088309041958086 0.14008065467854483
81 0.1956654613615637 0.34448743869349874 0.0928601865718917 0.11669769867918127
81 0.30846998839073086 0.2934527447087708 0.09453177088084708 0.13546588001272664
81 0.9381115157144857 0.4429764127943578 0.10372496369925485 0.10432496801399935
81 0.9293137535160414 0.3436485747930851 0.1116465480082102 0.12316587468172653
80 0.5782274556060271 0.5262947060789054 0.1149533551898024 0.15445223734881744
80 0.783892169207086 0.36070771077335867 0.10698631908544912 0.12779883068109027
80 0.5166102621984443 0.10523677140354222 0.041252234776493604 0.10828521467218159
81 0.7625631116327102 0.1323190814369498 0.04901928298109546 0.10056362133990877
81 0.17751542506081847 0.2411442626909534 0.0787976865718917 0.11653406667727229
81 0.10078929859738536 0.26837837734722664 0.08180451190385667 0.0962579293443631