80 0.7592743385036259 0.13974732914485824 0.04113873035529281 0.07877956493480816
80 0.3030370312266436 0.5161611935899038 0.08216614474715103 0.12164890340856668
80 0.12130118776061893 0.4459556079555191 0.07595037799792799 0.08875458279171564
80 0.049591007652995074 0.4269113275167099 0.07689644789030416 0.10906708279171565
80 0.634991082717167 0.8639854444039781 0.1088014193542568 0.12367505357072232
81 0.5274614123249435 0.13910994967898374 0.039066808105551944 0.06781479139585782
81 0.5029515638965201 0.145782689532714 0.036922111248705036 0.055287517856907484
81 0.5688698163777195 0.10482072443575005 0.04509848428423435 0.0632363855516592
81 0.5999935378416722 0.09022639042621843 0.038193512820281585 0.04906479139585782
81 0.8148329797361203 0.153609231742646 0.035869033498445904 0.06619774431795715
81 0.26803483085514007 0.6643083672910098 0.07083053846084475 0.14643071509696384