81 0.36875 0.459375 0.07734375 0.159375
81 0.403125 0.3609375 0.07734375 0.12109375
81 0.4765625 0.640625 0.071875 0.18046875
81 0.421875 0.54609375 0.07109375 0.14296875
81 0.27109375 0.6953125 0.090625 0.196875
81 0.07421875 0.34609375 0.05078125 0.109375
80 0.48515625 0.16640625 0.03515625 0.1203125
80 0.478125 0.08984375 0.0375 0.09453125
80 0.2765625 0.16875 0.046875 0.11484375
81 0.3203125 0.04296875 0.04453125 0.08515625
81 0.23671875 0.521875 0.07734375 0.165625
81 0.62421875 0.58828125 0.115625 0.1359375
81 0.8546875 0.28984375 0.071875 0.12421875
81 0.771875 0.28203125 0.06875 0.11171875
81 0.7 0.28203125 0.08125 0.11875