80 0.5288746168806775 0.3501683439290487 0.06860572402541756 0.08203179734245421
80 0.6438859622542948 0.3136666752466858 0.06400004464226879 0.08666475334181775
80 0.7096961485373028 0.23397862790423166 0.05596935633066593 0.07407384667409059
80 0.8831059695578954 0.5437428845480964 0.07989778003177221 0.10247156667727211
80 0.9504337913925625 0.5062332465388695 0.07194891233702023 0.09456816000954493
80 0.39609334455954315 0.3087359166136388 0.06575345941492117 0.09762043467536322
80 0.09044336241645065 0.346674457988546 0.08743754464226872 0.08693747334499946
81 0.8137203644417502 0.9110309292250506 0.09795803327818291 0.152671561346272
81 0.7041271761301475 0.8998036225732315 0.08707508035608366 0.1556692920114539
81 0.6138276842478223 0.7852058679185492 0.07438416558343128 0.14458634134309048
81 0.617741842527653 0.6960797332511401 0.06309210957707681 0.12414657200827221
81 0.45931786769145644 0.4838171852721391 0.06618983603812652 0.1226204346753633
81 0.5773182508107789 0.12612176925527632 0.041688668019063256 0.06141021467218155
81 0.5630511992686513 0.11456665125718532 0.0355204886359143 0.06602498933799979
81 0.5259915300317721 0.09546266259550328 0.03239548863591431 0.0659886266709089
81 0.49935689204448097 0.13640583593254857 0.03878185633066593 0.0738738520050907
81 0.5034285576279123 0.28013765459900314 0.04514095048646745 0.0801965773392725
81 0.5422183222384088 0.264058121260367 0.0433329886359143 0.06611589600572695
81 0.6730007179363378 0.28050872990932235 0.03250458279171564 0.07223862667090888
80 0.6212648940730758 0.2264121232495493 0.05594208279171564 0.07251134667409058
80 0.6952381822225228 0.2114860099061407 0.049310253246410876 0.05056362133990877
80 0.6938705511350904 0.1779013505729134 0.04303297970746058 0.04892839600572696
81 0.5562420917201694 0.0826081265913671 0.03379434740221221 0.05663180800445435
81 0.466287067774182 0.25634616593732107 0.05001936525911965 0.09118862133990877