81 0.40967686869230313 0.16720945048976263 0.04906254631872749 0.11482615909060953
81 0.34602109118971314 0.2777844862035776 0.08340331306795061 0.1482114034085667
81 0.2780352245643246 0.29539077191739255 0.08118584160399785 0.13412162986961632
81 0.2097582595105127 0.30674705763120746 0.0906336162111037 0.1358477711033183
81 0.5952418794456701 0.027122012988938803 0.06548375889134021 0.05424402597787761
80 0.40079859821902647 0.5473606006519184 0.13460624813797323 0.2084318831160271
80 0.5265797324222075 0.2597770056853381 0.07217471463952715 0.1417704886359143
80 0.7584635107488578 0.789757011774418 0.1806464942090317 0.2248478157455871
80 0.8636816261359013 0.27891319481101506 0.12344611621110388 0.13642051542127548
81 0.704856627997928 0.07526781778077252 0.049824525640563166 0.09766593262955987
81 0.6800364104629167 0.04598942086502762 0.041502603390822304 0.08659206493480816
81 0.6437885413563288 0.028961202518357515 0.046952082712657627 0.05792240503671503
81 0.14880148883234826 0.2906095888807956 0.08758139081820956 0.13735572402541774