80 0.30813309050894394 0.824521342421215 0.09954780681713338 0.15537979065319477
80 0.2654194849890569 0.7661646349742706 0.09636825973923262 0.15218205547083344
80 0.18740575893504433 0.9405665293509372 0.12222164772652375 0.11217530452090259
80 0.4969004991892211 0.12119305461781207 0.04815685633066593 0.07452852773541671
81 0.46235653490633133 0.5343294874634719 0.07408415665497756 0.12823540919430557
81 0.6165060669666984 0.3378512649145481 0.06408186525911966 0.09207970364722229
81 0.581799830359379 0.31288828571611066 0.0532261858759707 0.09651263050895835
81 0.3951879947249942 0.1321506980445483 0.04637616801906326 0.06199216014423614
81 0.4142243668839728 0.11530803695038161 0.04626707386326192 0.05574216014423614
81 0.4332471022734762 0.09924662585621491 0.03681025324641105 0.05083645459715282
81 0.45784768181878094 0.07680792819291629 0.030642073863261742 0.055378484232430567
81 0.6389459030048249 0.21550348622920085 0.04368754464226861 0.08691942496187499
81 0.7293874910715463 0.008895689210833035 0.034975017856907445 0.01779137842166607
81 0.6865357435071783 0.0839800760849647 0.030751168019063257 0.06162848423243059