80 0.3765625 0.27421875 0.05 0.0875
80 0.46015625 0.18984375 0.04140625 0.08125
80 0.625 0.20546875 0.0421875 0.07734375
80 0.39375 0.346875 0.0515625 0.09375
80 0.53515625 0.6828125 0.0765625 0.1234375
80 0.57109375 0.8484375 0.090625 0.1140625
80 0.49375 0.87734375 0.0859375 0.13984375
80 0.746875 0.071875 0.021875 0.059375
81 0.49140625 0.1125 0.0296875 0.0609375
81 0.475 0.12265625 0.03125 0.0546875
81 0.5296875 0.0984375 0.03515625 0.0609375
81 0.54765625 0.084375 0.03046875 0.04453125
81 0.79765625 0.05078125 0.0234375 0.05703125
81 0.62265625 0.325 0.0390625 0.078125
81 0.53984375 0.40390625 0.065625 0.08203125
81 0.321875 0.71953125 0.06015625 0.1140625