81 0.38716371621819373 0.16809273528009336 0.03449467194503919 0.05819430800445433
81 0.4067691740566103 0.11163364994432075 0.03426735141192587 0.05038180800445433
81 0.37266695869634636 0.10265863928232052 0.031096887305303154 0.04878294533736347
81 0.44168373165759994 0.1463717292727755 0.037619671945039276 0.058230670671545234
81 0.4618371072844205 0.15160412193668474 0.0438696719450391 0.058303396005727
81 0.25640179803407825 0.2602086046308198 0.03954588479802066 0.07074885200509069
81 0.24199831723440815 0.27209098663272885 0.03936402837152997 0.06449885200509069
81 0.22962033768837928 0.2948835966343196 0.03959134890464337 0.07231135200509069
81 0.28068874419401224 0.2575830439608654 0.0331594924781526 0.06598862667090888
81 0.20764370077878755 0.1912682479710468 0.03306856426490725 0.06286362667090888
80 0.2091978405913731 0.16469665730427407 0.037574207838416564 0.05666817067154524
81 0.11980873165759993 0.15011708398313714 0.03619356426490725 0.06289998933799978