80 0.26139948197804647 0.16478230470240746 0.04769316000954502 0.07085794000636336
80 0.183546654638774 0.2076323286919079 0.03671929734245412 0.06760567067154524
80 0.04631663792968506 0.5185778246737724 0.09182496801399935 0.10417951734563573
80 0.4936483606381376 0.21592882340067873 0.05730451734563573 0.09127952800763595
80 0.5481631379694559 0.23140892007476932 0.046257929344363194 0.08177725867281786
81 0.7724166086091845 0.4324827134388588 0.07134883601209019 0.08988066000954512
81 0.8836353719366847 0.4767514287873581 0.08673747867599957 0.06974997334499947
81 0.8723711552753208 0.43755256878576726 0.07576361600890849 0.06649770401018137
81 0.9562916219366848 0.4775968607972213 0.07752611067790838 0.08370338534372675
81 0.26338814863145615 0.26247491736949835 0.033594297342454116 0.06756930800445433
81 0.13104891064609187 0.1531079133513628 0.02718066534054513 0.05343408267027257
81 0.47429947131604616 0.13287996606458793 0.03971702800763595 0.05670453333863614
80 0.2273699273154099 0.13469481536440767 0.04126134667409058 0.05516021467218155