81 0.38309374866881984 0.4419327609603439 0.094479964665139 0.16720686525911965
81 0.42384407560680587 0.34587023863920957 0.09048214247680572 0.12965231818121908
81 0.47891866099725744 0.630181008931749 0.0918277433504862 0.18746481818121907
81 0.43051556895729204 0.531766828330784 0.08626742116215276 0.14988299756436801
81 0.2703982993900006 0.6705544131510945 0.11257665444465292 0.20656937418757337
81 0.09626328305375027 0.30782040827983065 0.062029834156180644 0.11509889448011297
80 0.5179356484607294 0.15743325568533814 0.04818553970326391 0.12422843262955988
80 0.5161536364928819 0.08087075568533815 0.047567290653194406 0.09766593262955987
80 0.3097594725489238 0.14543563636573337 0.059013936929722274 0.11973184740221225
81 0.3610108883927431 0.03380048133231362 0.053271776785486225 0.06760096266462724
81 0.2475569453821879 0.4951004456184986 0.0961879350298613 0.17348413879807012
81 0.6303350374221532 0.5876780888840909 0.12994468597979178 0.14752165665497757
81 0.8793667237831947 0.3066563652657103 0.08583101006798621 0.13113299756436803
81 0.7969717978713892 0.29246322606060315 0.08085256933854161 0.11855117694751698
81 0.7249513275066669 0.28746780885231876 0.09353440729444458 0.12658186525911974