81 0.15859375 0.4078125 0.08671875 0.1671875
81 0.33046875 0.4359375 0.04921875 0.14453125
81 0.45 0.3296875 0.12734375 0.18203125
80 0.42734375 0.48984375 0.08828125 0.2015625
81 0.41171875 0.3765625 0.046875 0.14453125
81 0.75 0.0609375 0.09375 0.121875
80 0.22734375 0.67578125 0.09296875 0.228125
80 0.24921875 0.39765625 0.08828125 0.2171875
80 0.32890625 0.559375 0.075 0.1671875
80 0.5359375 0.89609375 0.12578125 0.20703125
80 0.7453125 0.671875 0.134375 0.24296875
80 0.50390625 0.7515625 0.11328125 0.1875