80 0.3684473773198437 0.3152475300350674 0.05300100362819702 0.08681025324641087
80 0.6492261513664609 0.27911556656295655 0.0764385036281972 0.08721935633066594
80 0.703474685664697 0.11186383685549599 0.040228185116542824 0.07877956493480816
80 0.6105431411996598 0.09006274919251638 0.038338302902557686 0.06937729139585783
80 0.31677574991518204 0.3192725568204286 0.05601687622353531 0.08373980032431154
81 0.28223948177419667 0.7493009760573079 0.07807541469812271 0.13409435633066594
81 0.6777554338505984 0.15525532670922626 0.030034729581580065 0.05517842370110611
81 0.6376562235063121 0.18562466518298476 0.03370536660488845 0.07085797077900682
81 0.7324107067160892 0.04343143669334021 0.026746038474587407 0.05043637662320544
81 0.5004067385672546 0.046700307227465696 0.03919147477225664 0.04909206493480815
80 0.6365525696927806 0.060720122569310954 0.038065484390903494 0.06156479139585782