81 0.29765625 0.7359375 0.10546875 0.1859375
81 0.64453125 0.26171875 0.06640625 0.13359375
80 0.39453125 0.34609375 0.08671875 0.1171875
80 0.3578125 0.26640625 0.065625 0.13515625
81 0.290625 0.428125 0.09609375 0.1328125
80 0.28828125 0.35078125 0.09296875 0.11171875
80 0.18984375 0.3875 0.09609375 0.1265625
80 0.0640625 0.33125 0.09296875 0.128125
80 0.13984375 0.6953125 0.14609375 0.17109375
81 0.25234375 0.10859375 0.0375 0.09453125
81 0.27578125 0.0875 0.040625 0.0890625
81 0.29921875 0.04296875 0.02734375 0.08515625
81 0.51796875 0.1421875 0.02890625 0.12421875
81 0.5375 0.0796875 0.02265625 0.07421875
81 0.55390625 0.175 0.025 0.1015625
81 0.77734375 0.28203125 0.08203125 0.1
81 0.8984375 0.26953125 0.071875 0.09140625
81 0.71015625 0.26796875 0.059375 0.11328125