80 0.4980778575343958 0.15331332954200946 0.04765873920022692 0.06797843262955987
80 0.5289111952833438 0.12101902678206593 0.0395188569862416 0.058467064934808154
80 0.5849453965571374 0.3072662183400795 0.061939494009550344 0.07447389448011296
80 0.5838665353945445 0.24861792126217885 0.05714286660488845 0.07126707386326192
80 0.5219344758685649 0.36557755032101624 0.06399306733052797 0.08856366801906326
80 0.4470262451058586 0.3392547836819248 0.06517362141421187 0.07765344155801354
80 0.1573957052805088 0.9527216254053894 0.11900794954451306 0.09455674918922127
81 0.6185937102594682 0.30629009942751184 0.04982143992586607 0.08519320616851012
81 0.4133035534507119 0.14088942166921595 0.04387897477225664 0.049173885551659156
81 0.4307638719623661 0.1333769305976697 0.040917665879249124 0.053806838473758486
81 0.44860613639033636 0.11492693952612343 0.03751984736759475 0.04593979139585782
81 0.724878459711314 0.10567821915085843 0.03381449400955017 0.07398297077900677
81 0.6776909464644701 0.2033520600602489 0.03203373920022692 0.0677056972400564