81 0.54453125 0.5890625 0.0875 0.18203125
81 0.60859375 0.51484375 0.08515625 0.1515625
81 0.75390625 0.39296875 0.0625 0.159375
81 0.52265625 0.26640625 0.04375 0.1171875
81 0.35078125 0.1921875 0.04375 0.13203125
80 0.50703125 0.12265625 0.04296875 0.12578125
80 0.71640625 0.90703125 0.14453125 0.18515625
81 0.7015625 0.27109375 0.06328125 0.1
81 0.86640625 0.6765625 0.13359375 0.15234375
81 0.259375 0.11796875 0.05234375 0.0984375
80 0.23046875 0.27421875 0.08046875 0.15546875
81 0.209375 0.178125 0.05390625 0.0890625