81 0.5671767297361203 0.17465948074472365 0.0411772717116218 0.11291817067154523
81 0.6396445810600279 0.2802469567552232 0.07388276385373871 0.1445317973424542
81 0.7086664088102869 0.29199352609799545 0.07166529238978611 0.13045111600890866
81 0.7771616976854163 0.29826225477399504 0.08104029238978612 0.13056020401018137
81 0.3702375713401182 0.03948340738381586 0.05952485731976358 0.07096702800763602
80 0.6027266621200558 0.5526213960852688 0.12181514970954979 0.20130905601527188
80 0.4569412429706867 0.27577599073040615 0.06265416542531561 0.13815452800763595
80 0.26193888048363656 0.8206783160407255 0.16778262117350246 0.2158988146880901
80 0.12109148015040509 0.3203317760184537 0.1153425177826803 0.12939769334818116
81 0.26632701323456637 0.10549821137013468 0.043501751033457305 0.09576703333863615
81 0.2888762553766835 0.07449365937299818 0.03674232878371626 0.08475680800445436
81 0.32158174751880064 0.043607286043907074 0.04121150496239867 0.08012385200509067
81 0.8367379048813455 0.2778503047819493 0.07806084160399784 0.13364884134309046