81 0.38223682484098565 0.3127617584524656 0.08522949375348414 0.14883884992375007
81 0.9224457518467117 0.7908972098185771 0.10903060811666876 0.21188436379145853
81 0.4711367401392468 0.5554233435585768 0.10545109016268786 0.13368662860909736
80 0.8285088786047325 0.622327088143334 0.11651585518980241 0.1558162017473613
80 0.9524629664297294 0.7268171792333689 0.09507406714054127 0.2554161582443751
80 0.9336856953524905 0.3060682681392022 0.08827268052176755 0.13484908510611113
81 0.5502732316532357 0.19403320829996573 0.050672686571891744 0.11678876291777782
81 0.46983629791001424 0.19762902735416704 0.05068177693097127 0.11835126291777782
81 0.28686523750696813 0.3003870853904516 0.07105790944452864 0.12976154160312509
81 0.21027092125018948 0.2931363234226044 0.07715337334017516 0.10334451196784729
81 0.15326694232742832 0.296496406344514 0.059965873340175155 0.10294446846486113
81 0.07679080073868469 0.30955814437666673 0.08502950585373248 0.11446384992375007
81 0.49972781010845857 0.0991194453821879 0.0428147347764936 0.10879442496187504
81 0.727961894417414 0.12317911369454922 0.03817268657189175 0.11649782218833335
81 0.7090709938516799 0.09852395260038253 0.042642017953980725 0.07910692496187503
81 0.8548612585842068 0.3182942047845841 0.10527837334017534 0.10399912860909737
80 0.05594405307637575 0.7543251305089583 0.08849084913967833 0.17234908510611113