80 0.7409300787632732 0.15581458684561014 0.031815484390903495 0.061455697240056485
80 0.6507217410143253 0.12144749512544076 0.04140873920022674 0.06786933847375849
80 0.3663492964487717 0.6755177917995996 0.08750497840045365 0.13582049756436804
80 0.40059279935917863 0.31461724796810986 0.04217263103285873 0.08974433847375848
81 0.7178943720471841 0.2116282102224047 0.0358135036281972 0.08651024431795715
81 0.7736036803072194 0.08533449147199276 0.025238102176918176 0.0519716030842551
81 0.7781448473675947 0.058867448858318974 0.02033234736759475 0.04563978246740408
81 0.47984624582364876 0.12471104261037853 0.026691474772256463 0.048873876623205435
81 0.4550372187818068 0.1297434159871731 0.02669147477225664 0.048873876623205435
81 0.5465501069862417 0.06731732832419349 0.03455853847458741 0.05057274431795715
81 0.5083606262235353 0.09163548985043499 0.03930060217691818 0.052217064934808155
81 0.3785094682336526 0.33062803165332993 0.03466766587924912 0.05369774431795715
81 0.677323935749515 0.21248159820969584 0.029871038474587407 0.050490923701106104
80 0.6761656851165428 0.08987989528759653 0.03305060217691817 0.05210797077900679