81 0.4762499536360463 0.3502129167329515 0.05798116950744614 0.13968066534054513
81 0.6394319999151821 0.33257252542167776 0.0922470421027846 0.1369556546785448
81 0.48301336352484564 0.22367768873326965 0.04406251324684405 0.0989102146721816
81 0.11239571852735271 0.8547795013526354 0.13727185462398897 0.2186965506842718
80 0.3815500341286001 0.4882299900540884 0.1089087524470707 0.16682496801399935
80 0.379657695831498 0.3186078333863612 0.0870337524470707 0.1665704293443631
80 0.2657985154394606 0.7143192280394528 0.13774308057737183 0.18746473201781733
80 0.0899254962021669 0.7372829186823628 0.1294047909216581 0.21704314401654462
80 0.5098263785857882 0.08252597740290589 0.046607159888799286 0.12705339600572702
81 0.5491170570789089 0.054065170074769284 0.037376003628197194 0.08633748933799978
81 0.27094243865992185 0.16415559603754373 0.05478175843752044 0.09278748400699968
81 0.3167584248649238 0.060740242043270734 0.03893850362819702 0.08635567067154523
81 0.2727529645206375 0.089927755370771 0.07978175843752044 0.09307838534372678