80 0.3183273002768552 0.10131147336361628 0.030767941085271477 0.06577953610435347
81 0.3896294062292364 0.20171547346181212 0.04240634793281668 0.07678066861791084
81 0.3714801835271323 0.21119955777076754 0.036356607032115386 0.0798693071815924
81 0.3501861744278337 0.20819727761834236 0.0342934592838688 0.0720477168225127
81 0.3300238687523077 0.2106592022863774 0.030667811535622213 0.06421703610435348
81 0.3143383119970475 0.23419669623625322 0.0405434592838688 0.07208407825883123
81 0.4877386343300113 0.08625812422393793 0.03435401603912887 0.04861930718159235
81 0.5147715037006279 0.10563938329912426 0.037879534237726276 0.05488748789975162
81 0.5464313163159842 0.1484399616561513 0.03505492288667433 0.059556807181592356
81 0.5659823527131788 0.1608308773471959 0.04100453423772628 0.05490566861791084
81 0.2520409662236991 0.11576485880403982 0.02860466378737554 0.056395445745273866