81 0.8880457175829228 0.8876711877187929 0.15087777346576203 0.22465762456241406
81 0.4885737364928845 0.372623718730088 0.05947995776545092 0.13653748400699967
81 0.47186510765251144 0.2600055400620426 0.050120368317029575 0.1098840773392725
81 0.28603329444186204 0.31327434870304377 0.08191639988706054 0.11962270401018138
81 0.1930722497176513 0.2989204000238625 0.08909186305535757 0.10877611067790856
80 0.5542295575960416 0.3202986974060876 0.06802049985882555 0.14912839067472694
80 0.5383252945830364 0.16787313140513307 0.05250191567207611 0.12396475867281787
80 0.5886471441312785 0.6431367607415421 0.1335236734939967 0.2014181440165448
80 0.522879389010781 0.4924731420671333 0.10028696828879458 0.14013519867918128
80 0.94788818782242 0.8231906241247217 0.10422362435515993 0.2155533693507266
81 0.506377344568919 0.18233507340067873 0.05489887357870131 0.11150112133990878
81 0.7762656393637168 0.12457930677113156 0.05729583148532651 0.09903748400699967