80 0.18232046312533626 0.10672380935708983 0.03282320767745461 0.06751476400381798
80 0.2570473115161819 0.10369026336727116 0.032495425746469395 0.06282726400381802
81 0.9237474005238735 0.47287245078767626 0.08119500569998336 0.11179202267663584
81 0.724386902869662 0.3792208060948138 0.06272922896477802 0.0709852093411814
81 0.7408970596745965 0.34740773209735915 0.0506991225281606 0.05523294000636332
80 0.7282278148703766 0.31135205342931377 0.059134335401395434 0.08655566534054512
81 0.6431044158591123 0.2885043520846325 0.05146394703379294 0.06617044000636332
81 0.506287840849277 0.12922825473422414 0.041433383171822415 0.05668635200509069
81 0.4889528753781523 0.11575610073199698 0.035183383171822416 0.05661362667090888
81 0.4527368699302706 0.07786520206076993 0.030058840597175517 0.050309082670272565
81 0.3452517878830699 0.19292603337840702 0.03627598960843983 0.07223862667090888
81 0.32686777464151817 0.20910501670908896 0.029916728964778105 0.07060340133672707
81 0.30125041560701077 0.21114877470558913 0.03293246832111638 0.06907726400381797
81 0.28032591041123067 0.24681355470240743 0.042744510895763276 0.07543635200509069
81 0.2852812081816577 0.21720787070336195 0.035511165102807676 0.06130112667090888
81 0.25168745818165766 0.2168169720321349 0.034276447033792935 0.06597044533736343
81 0.2642203091703934 0.1951056040340439 0.023918101240837243 0.0517988573360908
81 0.23950988627391556 0.1877925433640895 0.027370883171822413 0.05652272000318166
81 0.2409963405971755 0.052763562698907605 0.021809298022528623 0.043968176002545344