80 0.7171875 0.16171875 0.0296875 0.06171875
81 0.37734375 0.6328125 0.05390625 0.12578125
81 0.4640625 0.56796875 0.04453125 0.115625
81 0.48828125 0.48046875 0.0390625 0.11171875
81 0.7625 0.13359375 0.02578125 0.05859375
81 0.78046875 0.08359375 0.02421875 0.0484375
81 0.7984375 0.06875 0.01640625 0.0484375
80 0.7046875 0.1296875 0.02578125 0.06640625
81 0.453125 0.128125 0.02890625 0.04609375
81 0.47578125 0.1171875 0.03515625 0.05625
81 0.5265625 0.08828125 0.0265625 0.046875
80 0.559375 0.08046875 0.03359375 0.046875
81 0.69296875 0.25859375 0.03125 0.08125