81 0.084375 0.32109375 0.1 0.1078125
81 0.25 0.1296875 0.05625 0.11875
80 0.31328125 0.46328125 0.11171875 0.12265625
81 0.34296875 0.40078125 0.103125 0.1296875
81 0.41875 0.37109375 0.06875 0.1296875
81 0.5375 0.6265625 0.10390625 0.16015625
81 0.60859375 0.60859375 0.075 0.14921875
81 0.82421875 0.2578125 0.05703125 0.1
80 0.61796875 0.50390625 0.10546875 0.115625
80 0.58359375 0.39375 0.09375 0.1390625
80 0.2359375 0.42578125 0.09296875 0.1359375
80 0.22265625 0.24765625 0.10390625 0.0984375
80 0.5109375 0.09140625 0.034375 0.10390625