80 0.6828125 0.103125 0.034375 0.08359375
80 0.571875 0.85 0.078125 0.13984375
80 0.5203125 0.88359375 0.08671875 0.14765625
80 0.13125 0.51171875 0.0546875 0.1171875
80 0.03359375 0.596875 0.0671875 0.121875
81 0.0953125 0.4734375 0.06015625 0.0734375
81 0.2859375 0.375 0.0484375 0.0625
81 0.49296875 0.1109375 0.02734375 0.059375
81 0.475 0.12421875 0.0328125 0.05859375
80 0.565625 0.09765625 0.0265625 0.0515625
81 0.56015625 0.0453125 0.01953125 0.04140625
81 0.70625 0.1984375 0.03203125 0.07890625