81 0.336136006793058 0.7046598210205929 0.14114089908902622 0.19609552434972918
81 0.555257962791357 0.2048855121715693 0.06552085099579194 0.13231366801906325
81 0.6000347494518458 0.212694058031654 0.0700446598887993 0.12770798863591432
80 0.25564243102500955 0.5236768279204517 0.15115081614940157 0.16972393912238157
80 0.5448512639646341 0.5552712958567894 0.12782244355406328 0.17243983603812651
80 0.0962922236759482 0.4545295872559425 0.1425744243167696 0.14771257142762995
80 0.08110867857793884 0.355106285713815 0.1268402969121079 0.1443148360381265
80 0.07150301088459121 0.2589034415580136 0.08361608656782163 0.11389095048646736
81 0.31899802586071563 0.07974164163744384 0.0533829495445131 0.09774775324641087
81 0.2086756286706061 0.2519285129856435 0.106473233209777 0.14239778003177203
80 0.42186756551642934 0.05186783197764146 0.05623513103285873 0.08998980032431156
80 0.5787103317584983 0.11628666233372512 0.05209326805616747 0.10553297970746053