80 0.355457136775904 0.8067010145361353 0.10327154535327185 0.14746587334017533
80 0.5751156561107222 0.8189157099868216 0.09362382535009015 0.12397383118569749
80 0.7857542587921306 0.9263140777678519 0.11113858935390812 0.14737184446429624
80 0.2560122147914943 0.9209584363754999 0.11540791868236289 0.11628859621281222
81 0.5382101666931807 0.19843049316430889 0.038099984006999675 0.05178066861791084
81 0.573738586688408 0.1634833214231401 0.028761346674090582 0.05485112646343313
81 0.5548522266868172 0.1516554871141847 0.03030566534054522 0.0532977168225127
81 0.5163800726845901 0.13502652331673404 0.03337612133990877 0.04862839754067196
81 0.49768461668522634 0.13960493900777862 0.03333975867281787 0.04550339754067201
81 0.49554031401177223 0.089595848648699 0.036446577339272326 0.04395907825883123
81 0.6667362507160887 0.3679168122497579 0.057140885343726744 0.07688975292686626
81 0.5277533773472266 0.10540720100983117 0.027089758672817866 0.04546703610435347