80 0.4015625 0.1304836472788207 0.04375 0.08175907733927246
80 0.31640625 0.16428702995704744 0.0515625 0.07716248400699968
80 0.08828125 0.3317852546546824 0.078125 0.08840906667727229
80 0.5921875 0.2360780245862764 0.053125 0.08968066534054513
80 0.51640625 0.11508481926323051 0.0484375 0.06306362133990877
80 0.64453125 0.29484394991250407 0.053125 0.08968066534054504
80 0.58359375 0.19008427192077637 0.0390625 0.06451703333863609
80 0.3640625 0.06920124928391136 0.04375 0.06457157733927246
81 0.6 0.1312996179185492 0.0375 0.05824885200509069
81 0.5828125 0.1104058625875491 0.0390625 0.0613920333386361
81 0.5171875 0.06116947859645777 0.0390625 0.03951703333863612
81 0.2796875 0.08346429129536538 0.028125 0.05970226400381799
81 0.2734375 0.05384951662954716 0.0234375 0.042460220003181656
81 0.2625 0.02042958398313714 0.028125 0.04085916796627428
81 0.56328125 0.30672687925686715 0.0546875 0.07876134667409058