81 0.528125 0.3546875 0.08984375 0.128125
81 0.653125 0.5828125 0.1 0.10234375
81 0.93125 0.45234375 0.06875 0.1265625
81 0.21484375 0.196875 0.059375 0.096875
81 0.1984375 0.36484375 0.12578125 0.12265625
81 0.0484375 0.31640625 0.096875 0.1125
81 0.5453125 0.16875 0.04453125 0.12265625
81 0.72421875 0.2765625 0.05625 0.1078125
80 0.32109375 0.103125 0.06171875 0.109375
80 0.60859375 0.8453125 0.13984375 0.20078125
80 0.79375 0.85546875 0.15234375 0.22890625
80 0.85390625 0.721875 0.15234375 0.18359375
81 0.25546875 0.11015625 0.04921875 0.0875
81 0.27578125 0.0765625 0.03359375 0.09609375