81 0.36328125 0.57734375 0.0875 0.1578125
81 0.5 0.56875 0.09375 0.1375
81 0.88828125 0.6609375 0.13984375 0.18671875
81 0.77890625 0.42890625 0.08125 0.134375
81 0.81015625 0.35859375 0.0859375 0.11171875
81 0.70078125 0.3 0.0875 0.13046875
81 0.06328125 0.409375 0.09765625 0.09765625
81 0.078125 0.31015625 0.10546875 0.11640625
80 0.41796875 0.515625 0.10625 0.1484375
80 0.221875 0.33671875 0.1 0.12109375
80 0.50390625 0.09921875 0.034375 0.10546875
81 0.25703125 0.11015625 0.04375 0.0984375
81 0.834375 0.25625 0.07265625 0.11171875
81 0.909375 0.28828125 0.07734375 0.09140625