81 0.3110780573378241 0.2771115194784653 0.08034802768032882 0.13255912986961632
81 0.517721988174183 0.3478582163114846 0.06931236859279988 0.16827844155801355
81 0.3239361319758538 0.630990495939515 0.13934102570316256 0.12422052434972919
81 0.11698047783124066 0.6867108417201694 0.13934102570316256 0.12422052434972919
80 0.8417748893902276 0.6751606505626023 0.1261353715585493 0.18332278896022594
80 0.9352523629270373 0.7824294541333248 0.12949527414592552 0.18386825973923263
80 0.7327501274900484 0.2220162853034826 0.08398236364988403 0.14511367694751698
81 0.9685006143913213 0.3894567499934094 0.06299877121735734 0.15755912986961632
81 0.15219514726171196 0.3055659817360554 0.0825816897336074 0.11073867694751698
81 0.23516947334543534 0.2726637528393738 0.07033635771838495 0.1167704886359143
81 0.09608972729976803 0.28897277110331837 0.06421369171077376 0.11978639448011288
81 0.6812420242202878 0.1266531923654972 0.05082235376405233 0.09769320616851021
81 0.6618752588972485 0.053710570206518635 0.03137201680591399 0.08017842370110613
81 0.7514908572240934 0.1263180016182625 0.041129018783080264 0.08971706493480816
81 0.7918240385547438 0.19650381655307064 0.0663200197716634 0.09484094155801359
81 0.5372890943725122 0.06168493709049144 0.028438017794497127 0.08481137662320545