81 0.62109375 0.3765625 0.08984375 0.159375
81 0.446875 0.39375 0.0875 0.1171875
81 0.3546875 0.478125 0.065625 0.12265625
80 0.2046875 0.490625 0.12578125 0.1359375
80 0.06171875 0.421875 0.1234375 0.115625
80 0.04765625 0.54765625 0.09453125 0.1203125
80 0.12734375 0.28203125 0.1 0.08125
80 0.8984375 0.471875 0.10078125 0.14296875
81 0.77734375 0.2796875 0.06875 0.08515625
81 0.63984375 0.259375 0.06875 0.11484375
81 0.5171875 0.1578125 0.02578125 0.08203125
81 0.56171875 0.16953125 0.03046875 0.1203125
81 0.25390625 0.125 0.03203125 0.0796875
81 0.2703125 0.0921875 0.04296875 0.0984375
81 0.7109375 0.26796875 0.06171875 0.1171875