80 0.66171875 0.11953125 0.0296875 0.0640625
80 0.75078125 0.16171875 0.03203125 0.07734375
80 0.5484375 0.12265625 0.0359375 0.06171875
80 0.4296875 0.1578125 0.0421875 0.04609375
80 0.2609375 0.4171875 0.04921875 0.0875
80 0.18125 0.5015625 0.05390625 0.1125
80 0.203125 0.3921875 0.06015625 0.06953125
80 0.1234375 0.51796875 0.059375 0.11484375
81 0.61171875 0.3671875 0.0328125 0.0859375
81 0.4515625 0.125 0.03203125 0.05078125
81 0.46875 0.1171875 0.02421875 0.05390625
81 0.48671875 0.103125 0.028125 0.04140625
81 0.546875 0.0703125 0.03359375 0.04375
81 0.51640625 0.08828125 0.03828125 0.040625
81 0.3703125 0.2140625 0.03359375 0.05
81 0.35546875 0.253125 0.04140625 0.0609375
81 0.790625 0.1015625 0.0234375 0.04765625
80 0.69609375 0.0953125 0.03359375 0.05546875