81 0.31140866588383764 0.1010640928931624 0.08291745776545092 0.13637383723582164
81 0.6552364476656302 0.31641794476331525 0.06905237884037305 0.11286361436318479
81 0.5369968689523139 0.5619071858845206 0.13005006299888783 0.16788745764913066
81 0.6658422057698995 0.5368668001495095 0.11076944198043534 0.13184996369925486
81 0.6319046344549808 0.26079465865896173 0.0899109104104042 0.12235678903121974
80 0.4302386347373295 0.5565969962875668 0.1050654735504665 0.14118860226293642
80 0.4498678662508908 0.4879378998783631 0.08881884727034191 0.10360678903121964
80 0.38183747404457663 0.3812561078220812 0.11029900512049746 0.15059087334017515
80 0.6853426346667423 0.4838372489198456 0.11711044724210709 0.1334488251355733
80 0.7774839030120066 0.40465880902830403 0.0888034367187636 0.13016019867214013
81 0.48529421594030736 0.161470848648699 0.052228899887060545 0.1190136204133089
81 0.5192218949077374 0.1827691317279904 0.0469953683170294 0.10961134933607006
81 0.23669709222043167 0.12251184601642036 0.06392526308359248 0.07847043364502548
80 0.2844788137047595 0.5768498880727022 0.14411256299888783 0.16796927088084707