80 0.7172517434473955 0.4208979176186167 0.0708229526972918 0.09026253571381489
80 0.42723976681440917 0.6680492017075786 0.090700348023889 0.13902731818121908
80 0.3640098021492701 0.8347105961876915 0.08957425911805572 0.1577500446422686
80 0.43515745032565895 0.8647060133959759 0.11126742116215294 0.15031937418757338
80 0.3618986283247569 0.08661401542457078 0.043678571238402776 0.06479888555165916
81 0.5971236942448261 0.2808650271956936 0.03960932028847246 0.0912795649348082
81 0.5647657891345832 0.2619065215136508 0.03939111474138883 0.0819045649348082
81 0.5793575788378471 0.1382644699715232 0.037246733282499986 0.05687729139585782
81 0.5743434237276042 0.11882867735784938 0.04197060087368065 0.05852161201270887
81 0.5612803792746874 0.10968550243892727 0.039100174011944586 0.06940456493480815
81 0.5347549000762499 0.0750065393705582 0.03546602773541672 0.047475017856907484
81 0.5051953398557638 0.036475873380089854 0.032450130508958355 0.05210797077900679
81 0.3260150265011458 0.11847767005095342 0.031178571238402775 0.06458069724005648
81 0.30337630708635405 0.15167199959625818 0.039136541603125075 0.07096706493480816
81 0.2915140463527777 0.05738621144681126 0.02776263050895835 0.05202615016215577
80 0.29996297919843745 0.03230418810973182 0.0391001740119445 0.06460837621946364
80 0.27939655927055557 0.010195385958696273 0.03183188145888884 0.020390771917392546
80 0.2575397430661458 0.009577777192398312 0.02554551386770836 0.019155554384796623
81 0.6722788566701731 0.7090661193229001 0.07656511284152785 0.13565685633066593
81 0.8178270928024647 0.7299535434310432 0.10498105357097245 0.14864778003177204