81 0.2806922365438743 0.2828634983784422 0.07522572930778511 0.09497730925276526
81 0.23600385628614956 0.25080102069957655 0.08015889077317437 0.09974662986961631
81 0.1686083163720578 0.26292491964391634 0.06033771370395287 0.10876707386326193
81 0.3383033406823174 0.26309074066780447 0.0589323439616777 0.14152502678536116
81 0.4603066519659925 0.6065895503276069 0.10943031094499087 0.12211255357072233
81 0.3770813941640764 0.61507993466145 0.1007989393936933 0.1063511858759707
81 0.8041496687014785 0.18458254221322729 0.07341756784239592 0.09026253571381497
80 0.6089787680902231 0.474188333202048 0.14173155585660827 0.2022909772718286
80 0.9276811804601234 0.49755805479512905 0.13565861827193687 0.14598643019392804
80 0.27708031490171975 0.43775554992056975 0.13598616689245624 0.15223643019392785
80 0.1530386273170487 0.3836192491892211 0.11748182835784542 0.15659664772652385
80 0.5084476650834338 0.09278042045799054 0.040686954997525504 0.09125229139585782
81 0.7641996981001207 0.10864733360908511 0.041594357756487635 0.07877956493480816
81 0.7178326311622361 0.04901658096828694 0.04619332654882306 0.09803316193657388
80 0.1168133587725404 0.7517749598219582 0.16451395861557022 0.19020008035608366