81 0.4740058847375851 0.39877978814615167 0.05889553327818291 0.1525443474022122
81 0.6393889715864904 0.6562764626580366 0.10022964529089187 0.19387845941492116
81 0.12946495210802514 0.3474671095770768 0.0991932508107789 0.1345034594149211
80 0.5473030629029181 0.43676675770734247 0.09036372158978559 0.16558981818121907
80 0.4741677516215578 0.2738206984545772 0.05854097727182861 0.13223184740221222
80 0.5150813035707225 0.11208435754518668 0.06166597727182861 0.13228639448011292
80 0.7720769663114846 0.5172293737772411 0.10922281574558709 0.1721671006486231
80 0.8234503258885615 0.6415259902541768 0.13553985389503395 0.1585682508107789
80 0.9554643904196279 0.8150061749123315 0.08907121916074416 0.16739778003177222
81 0.9183774476437983 0.35264649674699855 0.08981825081077872 0.13433981818121907
81 0.9048546899331604 0.2938345584353958 0.10689665665497756 0.12838982710967278
81 0.6476932061685102 0.05816624512544075 0.05476141233702041 0.09467730032431154
81 0.6985835503243115 0.0653026351413268 0.06279210064862309 0.10731366801906325
81 0.4307744874180983 0.11451783644186833 0.04272506249917605 0.12102161201270882
81 0.285364350241586 0.285364350241586 0.06772506249917623 0.12145798863591431