81 0.43203125 0.5890625 0.06875 0.178125
81 0.29453125 0.775 0.10078125 0.196875
80 0.48359375 0.303125 0.05078125 0.15
80 0.2984375 0.13984375 0.05703125 0.13203125
80 0.27265625 0.5171875 0.10703125 0.1453125
80 0.18828125 0.6203125 0.14140625 0.146875
81 0.540625 0.55234375 0.11015625 0.15234375
81 0.63515625 0.25859375 0.065625 0.12421875
81 0.69921875 0.27734375 0.07265625 0.11328125
81 0.840625 0.28984375 0.05625 0.128125
81 0.9140625 0.284375 0.06796875 0.1171875
81 0.778125 0.28359375 0.08359375 0.11484375
81 0.55078125 0.09921875 0.03984375 0.11328125
81 0.12734375 0.32890625 0.08671875 0.109375
81 0.25390625 0.11484375 0.0375 0.1109375