81 0.65625 0.303125 0.0375 0.0921875
80 0.6828125 0.20078125 0.034375 0.0796875
81 0.17109375 0.9546875 0.06484375 0.08984375
81 0.3171875 0.94921875 0.046875 0.1015625
81 0.4265625 0.56171875 0.04375 0.11328125
81 0.50078125 0.4890625 0.0390625 0.10859375
81 0.44765625 0.1296875 0.02109375 0.05078125
81 0.47890625 0.1640625 0.01875 0.05390625
81 0.46640625 0.1171875 0.01796875 0.0484375
81 0.525 0.09140625 0.021875 0.05078125
81 0.690625 0.24375 0.028125 0.0671875
81 0.74296875 0.17578125 0.02578125 0.0703125
81 0.715625 0.20234375 0.02421875 0.0703125
80 0.5609375 0.08515625 0.03671875 0.0515625
81 0.7765625 0.09921875 0.025 0.0578125