80 0.22796879631872757 0.11017602069957655 0.04033820967712849 0.061592064934808156
80 0.33444789040392486 0.28111403774570515 0.05378427956950453 0.08212275324641087
80 0.4251798982618077 0.24825489894763506 0.05051373035529281 0.07894320616851021
80 0.3878960680303493 0.21997594034349288 0.04353598428423426 0.06320911201270887
80 0.5137843258882322 0.18650314691904019 0.043608758891340214 0.06477161201270887
80 0.4602034075674325 0.16085431047387658 0.04731595574818712 0.07732615909060954
80 0.23363444540910477 0.06394590300482486 0.030599336641599174 0.05361592370110611
81 0.855201461948931 0.6340370714342205 0.09081339867609231 0.10618754464226861
81 0.24657970926284367 0.2075868088490235 0.029546258891340126 0.06452615016215582
81 0.20967471463952717 0.1370794399364558 0.02961903349844599 0.06608865016215582
81 0.5314940566578098 0.1134787041432106 0.03350601282028158 0.04898297077900682
81 0.6086987196019258 0.20986673458201982 0.042846779569504535 0.08193183847375848
81 0.5441974179065149 0.1679889261400334 0.04288101282028158 0.04914661201270887
81 0.1791845399085868 0.08678911363756192 0.02874573821317572 0.04733865016215577