81 0.6441142520025848 0.3190291967272325 0.02451794108527139 0.06574317466803503
80 0.6145874383074943 0.29731782319066563 0.036256477482466035 0.0783068071815924
80 0.3407227344222964 0.12150125351604144 0.02860466378737554 0.056395445745273866
80 0.25746894586563346 0.15168417808588058 0.028804922886674154 0.05952044574527386
80 0.7212763317368043 0.3889189950300303 0.048796050276855144 0.10337043969514967
81 0.9768679915928393 0.5444503357818935 0.04626401681432135 0.08163179508134384
81 0.44228643198597284 0.05995015427816723 0.03445414558877822 0.050181807181592354
81 0.5116465037006279 0.10565756401728348 0.02195414558877822 0.05010908430895542
81 0.3300937199243269 0.2239449974659172 0.027081736581764736 0.08137726502711465
81 0.28879809145441176 0.20152055162244747 0.027342552436323508 0.061073855386194253
81 0.21097587523071265 0.08474211778103027 0.02235466378737554 0.05635908430895542
80 0.3115766525286086 0.09353533479993474 0.03485466378737554 0.05643180718159235