80 0.6746374680139994 0.1109611547580867 0.03519316000954511 0.07071248933799978
81 0.45096415802036277 0.15522713339431538 0.034956802673454135 0.05039998933799979
81 0.43391301802195353 0.16674588872531548 0.03657384667409058 0.05510567067154524
81 0.4817323526814084 0.11418451006522426 0.038099984006999675 0.05199885200509069
81 0.504888042011454 0.09023848006840594 0.03017839600572696 0.042532945337363445
81 0.7341215560152721 0.12102704543281359 0.03197725334181776 0.06286362667090888
81 0.7501459980108176 0.08840544943504078 0.02725339067472703 0.059684082670272566
81 0.6932885653644076 0.2369423994270866 0.03829997867599957 0.06918635200509068
81 0.6609845953612259 0.213132182089405 0.033667022676635835 0.07381930800445433
81 0.6774362986950896 0.21722933609163214 0.03675566000954511 0.07073067067154523
81 0.6125016420273625 0.20866231074949618 0.03679202267663584 0.07385567067154523
81 0.6336499360279987 0.21359525875235968 0.02743520401018138 0.07530908267027252
81 0.7214675620225899 0.17477875409767735 0.028834072008272392 0.06126476400381797