80 0.793338753497222 0.39364405718326323 0.07633168973360753 0.11104790919430566
80 0.7090619125847512 0.3596340395158327 0.0683918557412186 0.10774107123840286
80 0.5130436888193863 0.8842203846899302 0.08822419467652338 0.1347399823325695
80 0.46223326391452657 0.8463034638121176 0.10116986364988403 0.1459684230620141
80 0.37112953657757747 0.16496385125493024 0.04081068380210837 0.08212282218833336
81 0.7035188612156071 0.511469296449687 0.07237901878308026 0.09066267401194458
81 0.9005158780215211 0.5866472151432978 0.0689011917107738 0.12024107123840296
81 0.46034193380210836 0.07061247957968711 0.027037343878220453 0.05058188145888891
81 0.4502838428896373 0.034875001331180176 0.025347509885831697 0.04742051386770836
81 0.517833440227899 0.09977199629718707 0.032170512851581276 0.06162848423243057
81 0.5090022682887888 0.07495383425308985 0.03166117688202626 0.04912848423243057
81 0.5409035257031626 0.109400916225069 0.03022601087441501 0.05221711664124999
80 0.3115542653230392 0.06547365074184001 0.03529551285158128 0.061701219414791696
81 0.3232305474519924 0.21769011417270806 0.03743101581733086 0.0758000870059723