81 0.3765625 0.32265625 0.0203125 0.065625
80 0.4046875 0.30078125 0.03203125 0.078125
80 0.6671875 0.1234375 0.02421875 0.05546875
80 0.75234375 0.153125 0.02421875 0.06015625
80 0.30390625 0.39296875 0.0421875 0.10390625
81 0.04609375 0.55 0.06484375 0.08046875
81 0.56171875 0.0625 0.03203125 0.05078125
81 0.4953125 0.10859375 0.01875 0.04921875
81 0.684375 0.22578125 0.02109375 0.08125
81 0.72421875 0.203125 0.0234375 0.0609375
81 0.79453125 0.0859375 0.01953125 0.05546875
80 0.69453125 0.0953125 0.03203125 0.05703125