80 0.6841597028238515 0.10396339655871331 0.030034492478152687 0.06578862646343309
81 0.6238336197543258 0.2051577370159888 0.03972774122451135 0.07678066861791084
81 0.642856404394062 0.21464182132494422 0.03513116943775678 0.07987839754067201
81 0.6646404761808166 0.21164408635205886 0.0333413489046432 0.0720568071815924
81 0.6842171902874392 0.2133202158405541 0.029989028371529967 0.06422612646343309
81 0.7028679018867795 0.2368622549699697 0.03963681301126591 0.07365566861791084
81 0.5135289540774928 0.09203504741903498 0.032659387305303156 0.04861930718159235
81 0.4890972554102763 0.1114208516737611 0.037528743731793844 0.05489657825883123
81 0.46146400039571134 0.15500268003078818 0.03454013605166182 0.059565897540671965
81 0.4438589632486929 0.1673981409013726 0.040699207838416386 0.05647725897699045
81 0.751710915676833 0.1168542819991369 0.028199207838416562 0.056404536104353475