80 0.5063435079950318 0.6904225504440971 0.08507495764913067 0.12080337939029935
80 0.5159190167756306 0.859222547419035 0.09454995159900648 0.138045421544777
80 0.43781674267332954 0.8626742794650542 0.11346357806243948 0.16627950585373236
81 0.690040234481906 0.3063480531745716 0.04744769262201594 0.09871021077238851
80 0.7468078640685971 0.26136735128097766 0.05839428298109546 0.10033634328594587
81 0.3376940228257547 0.8409987464839587 0.07756243949875792 0.1723204275949012
81 0.5914022257013073 0.1370299057320955 0.033148843285945875 0.058003397540671964
81 0.6207261113381226 0.07470262255460823 0.03469316256778665 0.0548874878997516
81 0.5537931413923519 0.11806173711418469 0.034729524004105096 0.06113748789975162
81 0.5366238221105111 0.12108674316430887 0.03779089149054773 0.05021816861791084
81 0.5226204094445286 0.13116117993259233 0.042542024004105096 0.06118293969514967
81 0.7430510841125637 0.1527554205628184 0.04262383723582168 0.07524543969514967