80 0.4529710887555901 0.29583602028924416 0.07108803218308672 0.07927048863591431
80 0.15523271128375082 0.3452597272718286 0.07007183540139543 0.08705571509696393
80 0.473453197537996 0.2205047836819248 0.06204081411407199 0.08379434740221221
81 0.3787233856928379 0.7962706225627204 0.09206680372251172 0.15610572402541772
81 0.40921573491686286 0.26151952150706015 0.04463479282674854 0.08036933847375849
80 0.4054298172161651 0.218537134737585 0.0563699683211162 0.06965002678536125
80 0.3975573330556069 0.1840666773512588 0.05248014381548423 0.05865797970746054
81 0.5312332105274462 0.13177924877888875 0.04488616510280767 0.061646612012708865
81 0.5471477876309685 0.1250343709378673 0.041870425746469306 0.06315456493480816
81 0.5769552559520847 0.19422074756107274 0.040854228964778014 0.07093979139585782
81 0.5862267131253363 0.11479234618110094 0.03562042574646931 0.06304547077900677
81 0.28788667415698554 0.3787870677741819 0.06393109604505716 0.08850912094116259
81 0.33065868220275724 0.39904106655636595 0.07149222376899793 0.10736821509696393