80 0.47862464286185047 0.684645627249 0.08332278896022594 0.11922269867214012
80 0.4616302374246889 0.8526961904807167 0.09299779788867965 0.13646474082661797
80 0.5396325064994123 0.8592729225267357 0.11067622158978559 0.1646897347764938
81 0.31359530113838574 0.293458066747758 0.04544095941492108 0.09712953005422928
80 0.2589311205374208 0.2476870244950844 0.056405732953871454 0.09875566256778665
81 0.6407274021973413 0.8407178443661003 0.0748478157455871 0.17073065651766228
81 0.42036527272817137 0.12879105786896342 0.03225912094116268 0.057994307181592354
81 0.39413973782513534 0.06488763915285671 0.03373980032431154 0.053315897540671967
81 0.45819255519557556 0.10982288925105259 0.03384889448011279 0.059565897540671965
81 0.47529823457872455 0.11441039530117678 0.03681025324641087 0.05020907825883123
81 0.48916981980607216 0.12526608206946022 0.04166139448011279 0.05961134933607006
81 0.2678715182639445 0.13827111787922614 0.04034435633066593 0.07366475897699046