80 0.5492430385402404 0.40703125 0.052062469749379045 0.0859375
80 0.5855663579202771 0.3390625 0.06146474082661797 0.090625
80 0.7433197705862595 0.32890625 0.05981133723582168 0.075
80 0.348706707354543 0.31484375 0.04903746369925477 0.103125
80 0.28904133674484234 0.39921875 0.05370678298109555 0.1
80 0.6537749606741926 0.11171875 0.0362829336450254 0.059375
80 0.7329311955488821 0.1546875 0.03792724687674216 0.0734375
81 0.3567530950344617 0.8921875 0.06662493949875792 0.171875
81 0.43201359016268787 0.13125 0.03468407220870695 0.053125
81 0.470930644417414 0.10625 0.02841589149054773 0.05
81 0.4942545149289188 0.08671875 0.02996021077238851 0.046875
81 0.5238692920562819 0.07421875 0.039389752926866174 0.05625
81 0.7568590540583344 0.1046875 0.028479524004105094 0.0609375
81 0.764512472774441 0.07734375 0.019040891490547728 0.05
80 0.6739192890312198 0.0828125 0.033148843285945875 0.0578125
81 0.7783704396951496 0.0421875 0.022165891490547728 0.05
81 0.41909595452587267 0.19375 0.03312157220870695 0.053125
81 0.3787618460164204 0.24375 0.03779998184962743 0.0515625
81 0.38692887002052545 0.3046875 0.044131795081343926 0.065625