81 0.5081722688711254 0.6197753717721524 0.1013304824490227 0.1553797906531944
81 0.5892631444979461 0.6233530070307634 0.11041597743445788 0.19931162860909737
81 0.6098186515575751 0.3730438825057286 0.09034751834239999 0.15356271751493064
80 0.3152719958433649 0.11211226139916641 0.09118259263643722 0.12859908510611118
80 0.13926445915856472 0.419128593655486 0.13387019780928666 0.14676851006798622
80 0.46835228477275004 0.9150339735957636 0.138648626022532 0.15000261284152785
80 0.5277409036026391 0.08140320279420095 0.03773934389007838 0.11642508700597225
81 0.6099814391003051 0.23329105148368004 0.0734949874635877 0.11101154160312507
81 0.6987340505413606 0.26869991499079804 0.06944398495630519 0.13277743882958343
81 0.8481680977175092 0.36515407485069373 0.0864496285298145 0.1269274823325695
81 0.9075862133151998 0.28179540777260337 0.06044941818411544 0.09197060087368066
81 0.8398447838483133 0.27556489798895767 0.05116534639736088 0.0948773953265972
81 0.7745834967012947 0.264592336818541 0.06366534639736088 0.09516833605604172