81 0.2122499622185295 0.5324205823846786 0.10482480721668548 0.1501011858759707
81 0.16241304365079193 0.6754614703719698 0.12677895280546378 0.20042846834337488
81 0.19670889806201364 0.7261160353067779 0.13751619370616514 0.19749438311602727
81 0.38021181292912337 0.6941235158250173 0.13030447100406112 0.20673301542127548
81 0.3059022277962331 0.6576308624164506 0.1138994185677376 0.1455773271096728
81 0.4555119154854186 0.16594001460720129 0.04404799352159507 0.12718979139585782
81 0.5008744802602433 0.16594969723676117 0.07716088217054295 0.13245003571381497
81 0.6485424198043552 0.2537787540538945 0.10744915946843889 0.14234323295387136
80 0.1896284947582127 0.2629751071414449 0.09721256631598414 0.15308981818121908
80 0.2865979225821324 0.48288027840691894 0.12806204811738686 0.14738528896022593
80 0.053273541025285656 0.39799321509696395 0.10654708205057131 0.12254893019392785
80 0.10470996761720028 0.6361301891223816 0.14765265730897056 0.18518529788867966
80 0.42471637724252276 0.8661854764577545 0.17371450956072393 0.17783644805083512
81 0.7281996414267251 0.24343731777088667 0.09350777297895937 0.09527731818121898
81 0.19932127467700228 0.12392624391092004 0.057470143429309936 0.09308752678536121
81 0.22266793954411196 0.08913818668674964 0.05474566162790726 0.09928297970746054