80 0.3265625 0.39296875 0.06796875 0.08359375
80 0.7296875 0.09921875 0.04140625 0.05546875
80 0.77890625 0.0859375 0.0328125 0.059375
81 0.44296875 0.57578125 0.0484375 0.1265625
81 0.5453125 0.43359375 0.040625 0.1015625
81 0.60703125 0.3546875 0.03828125 0.090625
81 0.65078125 0.29765625 0.040625 0.08203125
81 0.5140625 0.11875 0.02421875 0.05625
81 0.525 0.0890625 0.01953125 0.04375
81 0.55625 0.06328125 0.028125 0.0453125
81 0.453125 0.1265625 0.03125 0.0515625
81 0.4734375 0.11796875 0.03203125 0.05
81 0.70390625 0.2203125 0.03046875 0.0765625
81 0.315625 0.9515625 0.06015625 0.096875