81 0.44476810888814133 0.31537816924017453 0.10646908525525038 0.12518300649282174
81 0.13850482078307194 0.26140332995234183 0.09331398801421238 0.11246481818121908
80 0.14671463195520543 0.5664493400986116 0.14593437697836445 0.16333757142762995
80 0.03248719414339176 0.4656562276788657 0.06497438828678352 0.1343125446422686
80 0.60644483604822 0.4920792167251123 0.12989994120271575 0.15525233603812652
80 0.657663177296364 0.42327862378712694 0.1340961182719372 0.14595915665497755
80 0.854171927862191 0.6204461298762068 0.17060018430531051 0.18718417451188502
80 0.7233302843754832 0.7936672159143334 0.19542976594251654 0.21415577759614007
81 0.17919177578059753 0.17015103855648403 0.06198210085908262 0.11035684740221222
81 0.1922959633652686 0.11372376055330682 0.0617364393936934 0.10566934740221226
81 0.21642618215760417 0.08520329423852689 0.0611632293077851 0.09473184740221223