81 0.5838763680241461 0.6151445698093674 0.09931288638729718 0.2531170917201694
81 0.4015997203053237 0.5285463709444579 0.1041622124710205 0.2188511858759707
81 0.1868833042977125 0.5291714825501297 0.08911553262324476 0.15613299756436802
81 0.884616514260094 0.7067012297140511 0.13968853558899424 0.1710682508107789
80 0.7123647598486507 0.3357553043880919 0.14408687551288218 0.20237279788867957
80 0.9130903186321685 0.44857508401612217 0.14529654844057555 0.23206029788867966
80 0.7916755750579592 0.4202473068237239 0.12390702669174587 0.12863528896022594
80 0.15983532604654233 0.4265919533291364 0.10304538144438116 0.2297614123370204
80 0.24288790657889003 0.4384140689952932 0.12810904844057552 0.23176028896022577
80 0.42115885072394066 0.699957720782302 0.1630278765014653 0.20738758035608368
81 0.8909036649446659 0.782318838480349 0.12741402866891177 0.13806483603812653