81 0.24394686179468814 0.7830959526973167 0.091683579406528 0.24787497334499947
81 0.6765313580918753 0.2749872920909958 0.07943553970326392 0.12432838534372674
81 0.8134021105604171 0.618674752108495 0.1541459053945836 0.17987040802036275
80 0.4674694018792017 0.4873401993952699 0.12863675911805572 0.1577045066836355
80 0.670867158813056 0.5014225227561777 0.12264133225631965 0.1685692813494537
80 0.9137138479269797 0.7674582447883126 0.16326633225631965 0.16904199602163547
80 0.9313305737069448 0.8935394867918124 0.13733885258611025 0.14244313335454423
80 0.706449474636216 0.9228162647596776 0.17692878875333343 0.15201812802354447
80 0.880747385827292 0.3242258654519036 0.09996624525034718 0.13393974267981754
80 0.9392018179136461 0.39679175612663053 0.12159636417270789 0.14518632535009016
80 0.07695415786312544 0.5210670253421359 0.13317878875333344 0.15150905068427178
81 0.2260741503605904 0.1158811806969986 0.04280705547083343 0.0942227146721816
81 0.47967258225631965 0.17272371606458795 0.045060539703263916 0.12392839600572705
81 0.5170998470739585 0.17003506806967864 0.049347996200277855 0.10679544000636332
81 0.7516216238594446 0.2461815867679499 0.07398432028847228 0.09146134134309047