81 0.29609375 0.36875 0.08671875 0.1296875
81 0.4625 0.396875 0.09765625 0.1375
81 0.5453125 0.32890625 0.08828125 0.10234375
81 0.5875 0.378125 0.07734375 0.10703125
81 0.66328125 0.38671875 0.07421875 0.11328125
81 0.74609375 0.34765625 0.06328125 0.1171875
81 0.64609375 0.33671875 0.08046875 0.0984375
81 0.15703125 0.28359375 0.09609375 0.096875
81 0.77578125 0.28359375 0.078125 0.09296875
80 0.56171875 0.5140625 0.12578125 0.13515625
80 0.20546875 0.41484375 0.10390625 0.15546875
81 0.57421875 0.071875 0.04375 0.10234375
80 0.76328125 0.74609375 0.11875 0.22109375
80 0.9078125 0.80546875 0.13671875 0.20234375
81 0.84453125 0.328125 0.07421875 0.103125
81 0.9265625 0.2890625 0.05546875 0.12265625