81 0.6064742682144266 0.6891228241851036 0.09408687551288217 0.20200021751493064
81 0.5378316975679107 0.630621299583819 0.10681236859279988 0.16951502583555572
81 0.6436015365032153 0.6016221709747217 0.11781353558899425 0.17133209897381968
81 0.49397951578014976 0.3085112166619093 0.08312020060802236 0.16271951196784729
81 0.7216880217116488 0.2751129159407285 0.12215352570316255 0.12460256933854179
81 0.2421185854380825 0.3791555974552081 0.10152269072219058 0.11631729065319449
81 0.15240216943047127 0.3781217339480901 0.10005303262324476 0.15686955547083342
81 0.4135293063120599 0.11837848556361075 0.05927152372599629 0.1137728656913195
80 0.4736537228139627 0.11775958330315932 0.05321252471457925 0.11831489532659725
81 0.43800272429683745 0.11156478790031213 0.040203188745024224 0.10552395459715283
81 0.6966919747911291 0.10320220155992996 0.051013354752635465 0.10265352773541672
80 0.337358148175933 0.47450250541524275 0.11130886760421674 0.16493662860909736
80 0.0537995027000132 0.4422043773748263 0.1075990054000264 0.15105596656500014
81 0.0731550212173572 0.29254921628065966 0.07295202174882984 0.1047251740119445
81 0.6989203196579327 0.048514701559929964 0.052865014828747545 0.07147626291777782
81 0.6620397435742094 0.022995210012395566 0.04467051285158128 0.04599042002479113
80 0.3132296511045015 0.8559525271667358 0.1580857085166877 0.20192878875333342