81 0.6367387663968017 0.6289246517903042 0.15562363749381394 0.22907166558343128
81 0.5585075457954438 0.7067826448904453 0.1324317989592032 0.23335006249917606
81 0.2638523015611951 0.34195212621946364 0.09421474672063965 0.12965231818121908
81 0.31906210199073637 0.28635096266462723 0.0863203595655099 0.12795345048646728
81 0.3971461584131715 0.28576853571711025 0.08598616689245624 0.15136367694751698
81 0.3970443391004376 0.19835035633396128 0.05343261646291486 0.09615797970746054
81 0.43249716022219387 0.2367582913991531 0.0695489393936933 0.10580571509696393
81 0.6922605845778819 0.3141803133165456 0.1138721494796016 0.11750687418757347
81 0.7379105992772029 0.3516297203785603 0.13171474672063965 0.13030688311602717
81 0.7291541542293001 0.17616211607648918 0.10910276232447184 0.11586255357072242
81 0.6739078115108178 0.06863203409555245 0.07135710085908258 0.11052048863591427
80 0.8013799570336906 0.2724683258984474 0.1277642311168073 0.14428756249917624
80 0.39484443125309304 0.1062855872592378 0.06872342378986111 0.11984094155801359
81 0.447079802127022 0.5393514573896214 0.11716092378986112 0.12068642126547413
81 0.08910128505285171 0.35514937581242656 0.09108974672063966 0.12959777110331833
81 0.03373099021971944 0.35693974675358914 0.06746198043943888 0.1011727621748646
81 0.6930694900503773 0.25406497362497116 0.08805327792830404 0.10144549756436802
81 0.650009966078802 0.03706887013203132 0.04644563206674697 0.07413774026406264
81 0.6169894261647103 0.028411777599435407 0.05352114767057934 0.05682355519887081
80 0.04927800684163414 0.7946209788966817 0.09855601368326827 0.16742505357072232