81 0.33828125 0.61328125 0.09453125 0.215625
81 0.409375 0.6171875 0.08359375 0.22265625
81 0.4546875 0.70703125 0.07421875 0.1984375
81 0.53203125 0.55234375 0.11640625 0.11875
81 0.21640625 0.7265625 0.11953125 0.2078125
81 0.63203125 0.2671875 0.05390625 0.1265625
81 0.696875 0.27890625 0.0875 0.11328125
81 0.784375 0.3359375 0.10234375 0.11171875
81 0.38984375 0.35078125 0.09140625 0.1
80 0.78828125 0.47265625 0.11015625 0.1484375
80 0.43671875 0.41640625 0.07578125 0.17265625
80 0.484375 0.1984375 0.05859375 0.1375
80 0.29296875 0.3484375 0.1125 0.13359375
80 0.32734375 0.49375 0.11484375 0.165625
81 0.90625 0.26484375 0.06484375 0.1078125
81 0.25390625 0.12265625 0.04296875 0.078125
81 0.27265625 0.07421875 0.03359375 0.09296875
81 0.3 0.03671875 0.04609375 0.06875
80 0.95546875 0.73125 0.08828125 0.16640625