80 0.7886231659879451 0.14398322938586872 0.03789614767057934 0.06798758700597225
80 0.8646910210308991 0.15121580755812572 0.04907930913596843 0.07292966014423614
80 0.13195484339585078 0.34406108415618064 0.07835072930778511 0.09545927678548623
81 0.28820260063194 0.5412114539315628 0.10441526232447185 0.11635365824437507
80 0.12516369007106193 0.5569241068576043 0.09117827792830413 0.10200021751493064
80 0.40018254296630945 0.29568336122600725 0.05754690637700666 0.08561149810013902
81 0.29449578697341566 0.34862456363895855 0.06288950361804461 0.09822060087368065
81 0.5368150045225557 0.13344054720579906 0.0405298247398008 0.058685322188333354
81 0.5589799315917773 0.12459287727791715 0.032144114653892684 0.047565984232430567
81 0.5857537935321363 0.09946624391916715 0.03608798620519007 0.0632637194147917
81 0.5181712251239137 0.20947571713368102 0.05212242198083885 0.0714398953265972
81 0.4702969691310198 0.2637625204203129 0.05154921189493056 0.0605023953265972
81 0.44739837969189794 0.2437221241437851 0.041764776119281775 0.05247168977951393
81 0.7700889292169281 0.2816644141313895 0.04274742198083885 0.07122168977951393
81 0.757387533355371 0.26264165719753535 0.041184921980838854 0.07118532218833336
81 0.7508542503386842 0.2422018706284034 0.04274742198083885 0.07122168977951393
81 0.707725048054692 0.22325119566652835 0.03962242198083885 0.07114895459715279
81 0.722811137493814 0.24310975398715334 0.033044873360319825 0.06475348423243066
81 0.8117950723649516 0.2287946404800354 0.03255355042954129 0.055378484232430567
81 0.7813230003386843 0.24291103865642424 0.03099105042954129 0.055342116641249994
80 0.8129105150380053 0.20541169186680622 0.04809666327441135 0.05417966014423614
81 0.16334868554850615 0.43686683320625014 0.08238313206674705 0.08306837955902786