81 0.52734375 0.3890625 0.04921875 0.1484375
81 0.3796875 0.6515625 0.08671875 0.1875
81 0.86796875 0.32578125 0.08984375 0.128125
80 0.45625 0.4296875 0.07890625 0.159375
80 0.51796875 0.2640625 0.04921875 0.128125
80 0.465625 0.1046875 0.05234375 0.128125
80 0.2375 0.51796875 0.09765625 0.165625
80 0.19453125 0.64375 0.125 0.14921875
80 0.05703125 0.821875 0.1140625 0.159375
81 0.0796875 0.35859375 0.08046875 0.128125
81 0.0890625 0.29921875 0.09921875 0.12109375
81 0.32890625 0.05390625 0.04765625 0.09609375
81 0.27890625 0.06171875 0.05546875 0.1078125
81 0.55078125 0.10390625 0.034375 0.11875
81 0.7078125 0.26953125 0.059375 0.1171875