81 0.5484375 0.7595730121715694 0.0828125 0.24832049756436803
81 0.63671875 0.5454889671222636 0.1 0.22049550649282174
81 0.6265625 0.20859293911908633 0.10625 0.18466710064862307
81 0.88046875 0.27005613919851656 0.103125 0.2049250535707225
81 0.4 0.517138275971287 0.0890625 0.17499209172016955
80 0.409375 0.6798019172049891 0.1234375 0.21777960957707682
80 0.73671875 0.6378594736150853 0.1328125 0.2179432508107789
80 0.7984375 0.7795617784036237 0.1578125 0.20900462743398443
80 0.90234375 0.7173129687438212 0.1703125 0.2154728157455871
80 0.92265625 0.8715737747501757 0.1546875 0.21051258035608383
80 0.29375 0.6293461753226639 0.096875 0.24075345941492116