80 0.75 0.0953125 0.03359375 0.059375
80 0.66328125 0.275 0.0453125 0.078125
80 0.56953125 0.25 0.04140625 0.07578125
80 0.603125 0.21875 0.03671875 0.06015625
80 0.47421875 0.19609375 0.03671875 0.06171875
80 0.52421875 0.16640625 0.0390625 0.0734375
80 0.7390625 0.05 0.02421875 0.0515625
81 0.1859375 0.67109375 0.07890625 0.1
81 0.7421875 0.19375 0.02265625 0.0625
81 0.77109375 0.12109375 0.02265625 0.0640625
81 0.44765625 0.12578125 0.02734375 0.046875
81 0.38203125 0.228125 0.034375 0.07890625
81 0.44140625 0.18046875 0.0375 0.04609375
81 0.7953125 0.06796875 0.02265625 0.04609375