80 0.64375 0.253125 0.04375 0.065625
80 0.73203125 0.18203125 0.03671875 0.0734375
80 0.5921875 0.253125 0.0453125 0.065625
81 0.5265625 0.296875 0.034375 0.0796875
80 0.54453125 0.26640625 0.04453125 0.07578125
80 0.38984375 0.20703125 0.04453125 0.06015625
80 0.32734375 0.2234375 0.05 0.0734375
80 0.328125 0.359375 0.0515625 0.10390625
81 0.5953125 0.36640625 0.0390625 0.0984375
81 0.54375 0.39296875 0.03515625 0.0984375
81 0.521875 0.490625 0.0421875 0.1015625
81 0.49453125 0.4546875 0.0296875 0.10390625
81 0.41015625 0.3546875 0.0328125 0.075
81 0.37109375 0.36796875 0.03046875 0.075
81 0.51171875 0.3734375 0.0359375 0.075
81 0.65078125 0.32109375 0.03828125 0.0828125
81 0.61484375 0.2859375 0.028125 0.06640625
81 0.4734375 0.1203125 0.03203125 0.05546875
81 0.48984375 0.10546875 0.02109375 0.05
81 0.50078125 0.0828125 0.02421875 0.04609375
81 0.53203125 0.1015625 0.0296875 0.0703125
81 0.690625 0.215625 0.02890625 0.0515625
81 0.715625 0.23828125 0.0296875 0.05703125
81 0.6828125 0.2796875 0.03125 0.08359375
80 0.75078125 0.10546875 0.03203125 0.065625
81 0.27578125 0.3703125 0.0484375 0.06953125