81 0.8461808252705483 0.4625 0.11457267202418073 0.178125
81 0.6719529846037757 0.46328125 0.07362040802036277 0.15
81 0.5718268099538657 0.33984375 0.1570147106938169 0.2
80 0.5676012919319122 0.5015625 0.12122266136218052 0.2125
81 0.6016864852800934 0.3921875 0.07049540802036276 0.15
81 0.3205483099936367 0.046875 0.11202838001272664 0.09375
80 0.7338513585694135 0.71640625 0.13092492536599848 0.240625
80 0.7589626359405027 0.43828125 0.12452947469763487 0.228125
80 0.6525660905872309 0.58515625 0.10205449069063519 0.1765625
80 0.39203493387973276 0.8859375 0.1588499306969986 0.2234375
80 0.2231234912476403 0.63125 0.17334878270208928 0.2609375
80 0.4483314818985047 0.74765625 0.1429885733609078 0.203125