81 0.5578125 0.16484375 0.03046875 0.11171875
81 0.63984375 0.26484375 0.059375 0.14140625
81 0.71015625 0.27265625 0.059375 0.1265625
81 0.77890625 0.27421875 0.06875 0.1265625
81 0.3484375 0.03828125 0.053125 0.07578125
80 0.63046875 0.53828125 0.10234375 0.1953125
80 0.4578125 0.271875 0.04921875 0.13515625
80 0.3171875 0.82734375 0.146875 0.20625
80 0.12734375 0.33828125 0.10234375 0.1234375
81 0.25078125 0.11484375 0.03359375 0.09296875
81 0.2703125 0.0828125 0.028125 0.08359375
81 0.3 0.04453125 0.03359375 0.0890625
81 0.83671875 0.25 0.065625 0.1296875