80 0.7203125 0.08046875 0.02578125 0.06953125
80 0.325 0.22734375 0.03828125 0.075
81 0.475 0.12734375 0.034375 0.0625
81 0.49140625 0.115625 0.028125 0.05703125
81 0.553125 0.0609375 0.028125 0.05078125
81 0.52578125 0.07265625 0.0375 0.05625
81 0.646875 0.18203125 0.0265625 0.06796875
81 0.66640625 0.1921875 0.02109375 0.06796875
81 0.69140625 0.18984375 0.02109375 0.06875
81 0.70546875 0.196875 0.0265625 0.05859375
81 0.721875 0.21796875 0.02734375 0.06875
81 0.74140625 0.13984375 0.02578125 0.059375
81 0.1296875 0.46953125 0.06015625 0.06953125
81 0.18046875 0.46640625 0.06171875 0.071875