81 0.7757735175705213 0.5233956262227589 0.08812086189159736 0.16241027110331832
81 0.7336386093261462 0.4256536014659925 0.08332425911805572 0.15764095048646745
81 0.8080749116628475 0.4001257215963763 0.08157992116215311 0.149801176947517
81 0.8008955784565973 0.2595689054437521 0.10763327488562524 0.12838982710967278
81 0.5752630648732295 0.4377968656694521 0.09291746466513899 0.16717959172016936
81 0.6425427902719448 0.5077451270335378 0.1026197729857639 0.18140573295387147
80 0.6306636521635423 0.6689553624230412 0.013845600873680652 0.05803068831160267
80 0.08105716356270865 0.3596692804388092 0.10770601006798622 0.1315148271096728
80 0.7342445534740631 0.7539013323912691 0.17140614057694456 0.1841682686676865
81 0.5335983224726737 0.22593779383478507 0.06224803970326391 0.12447389448011296
81 0.4626487364166321 0.16621396631807522 0.054217334156180644 0.1149625267853612
81 0.4930811188254515 0.1641196323085436 0.050910496200277856 0.10709547970746054
81 0.2841042026972917 0.08413962621946364 0.05883209897381949 0.11191934740221224
81 0.19956685495774318 0.14579592086173235 0.06991506933854179 0.11836026217486464
81 0.8407699232494451 0.8981950288205468 0.14774912860909736 0.10722393912238175
81 0.9191727997712501 0.2371836164835263 0.08859233415618065 0.1155625446422687