80 0.5497162445847572 0.3601810594210876 0.06315592306201392 0.0956670240041051
80 0.46804867049656285 0.37532881556940756 0.060067290653194584 0.09721134328594587
80 0.5448962323325695 0.08597139978016717 0.03419446846486114 0.059565897540671965
80 0.769859211531007 0.05212870666717192 0.030705792553055566 0.04392271682251274
81 0.5445222111497573 0.4726356076256895 0.04923889342673622 0.10183521077238851
81 0.6745506307932988 0.25310942368607636 0.03470361474138901 0.081440897540672
81 0.595335909478646 0.2729583153730159 0.0345945119678472 0.07675339754067192
81 0.7249123470739585 0.16825770071524357 0.029907011967847195 0.07672612646343309
81 0.7467866938635765 0.13479576092189802 0.024855836056041625 0.061073855386194253
81 0.7784172471502083 0.08420540846257 0.023256968464861315 0.05950226502711464
81 0.7578690110179167 0.10752018861499517 0.021548998100139015 0.053243174668035034
81 0.5217341021079516 0.23191061367581364 0.04371493882958326 0.06587043969514968
81 0.44676851006798624 0.13226916197861144 0.03884560087368065 0.05803066861791084
81 0.4653184883164932 0.12378449628756685 0.0403353656913195 0.054914758976990455
81 0.48517639342673624 0.10437142095560188 0.04175239532659738 0.048673849336070066
81 0.5144820337193403 0.08813788777811463 0.023075130508958354 0.05168976502711464