80 0.38515625 0.8489104273512588 0.1046875 0.13620232710967278
80 0.5609375 0.21682245048317203 0.0578125 0.07757162094116259
80 0.76640625 0.5071276708551418 0.0796875 0.10451595048646727
80 0.734375 0.42531856330665985 0.0734375 0.08878185633066593
80 0.2453125 0.23006319561520336 0.040625 0.06320911201270887
81 0.48203125 0.15528888676617986 0.0296875 0.061455697240056485
81 0.50390625 0.16035821631148464 0.0265625 0.04577615016215582
81 0.44140625 0.14051727475347103 0.0375 0.05534206493480816
81 0.4171875 0.10415703489974078 0.0359375 0.050627291395857824
81 0.42421875 0.4636547658250173 0.04375 0.09920115909060953
81 0.54296875 0.5751025547852431 0.0609375 0.12762616801906326