81 0.37265625 0.3359375 0.034375 0.07578125
80 0.40546875 0.30390625 0.0375 0.08359375
80 0.325 0.2 0.0515625 0.06953125
80 0.75078125 0.35625 0.065625 0.0859375
80 0.93359375 0.4359375 0.0703125 0.08203125
80 0.19453125 0.546875 0.0703125 0.109375
80 0.7125 0.071875 0.0296875 0.059375
81 0.0875 0.48515625 0.0578125 0.08515625
81 0.4546875 0.13203125 0.02109375 0.05546875
81 0.4703125 0.11484375 0.03515625 0.05859375
81 0.4875 0.109375 0.02109375 0.065625
81 0.5265625 0.08828125 0.0359375 0.06015625
81 0.725 0.20859375 0.0296875 0.0796875
81 0.7875 0.32578125 0.0375 0.0765625
80 0.765625 0.03125 0.03046875 0.0515625
81 0.33203125 0.95625 0.05703125 0.08671875