80 0.6081371792081957 0.30793837418427816 0.043568329734219445 0.0709943384737585
80 0.3250977344222964 0.12897402840691902 0.03233044108527148 0.06611592370110611
80 0.2447884731635294 0.166591030842551 0.036156347932816676 0.07710797077900682
80 0.698020215909932 0.8581116980475401 0.09691217766703612 0.14840231818121907
80 0.2976643468530826 0.1027427650142384 0.036617422886674154 0.05994774431795715
81 0.20083941162790722 0.10183305559931735 0.020291516039128953 0.04873750892845372
81 0.5190782718992251 0.12377583400623635 0.03269138648947969 0.04739319724005649
81 0.539360493521595 0.1358355032431156 0.029466256939830338 0.04577615016215577
81 0.5001780775747511 0.12110480153883225 0.03182979333702498 0.058303423701106104
81 0.4331617558600961 0.07389283644186832 0.027142293337024982 0.0582216030842551
81 0.46659481955518667 0.09632694399035029 0.038340609191583754 0.03812729139585782
81 0.2750860448781844 0.21316206777418195 0.025379534237726275 0.05506932954530477
81 0.3211192381229242 0.23737686363426666 0.028243718383167415 0.07540910308425505