81 0.6022894228905123 0.37999019851631993 0.05617569863085592 0.15272626291777786
81 0.6711468522439965 0.3213795711414936 0.06915585969555131 0.12649107123840278
81 0.6689489767682953 0.12583068179882 0.045689184790691686 0.08691942496187503
81 0.339590446122217 0.2636150904244447 0.0850991946765233 0.13466724715020834
81 0.21529344167359268 0.28183580072118075 0.07470552273741297 0.10944904160312507
81 0.8495385187087182 0.7220010862434729 0.09500738836446346 0.26290134992374997
81 0.4793334480622023 0.6531711657469101 0.07607170456235508 0.1812876740119446
80 0.5053321457416562 0.11107458472486154 0.04820668973360753 0.1103932925530556
80 0.8087437168452827 0.5716913085080563 0.11647652866891214 0.13851959897381966
80 0.8589678458182058 0.35624879967434103 0.12639535672980173 0.11377417211208343
80 0.937577029583133 0.6724388037584037 0.07887836958138336 0.17354790919430557
81 0.7383528927759067 0.13057403960635477 0.04638952174882984 0.10410692496187504
81 0.7196957346769608 0.08947626092100755 0.03612318380210837 0.08201371941479167
81 0.6964784105704037 0.04514437946211864 0.04766817885919252 0.05886716014423615
81 0.4261274653995889 0.17413632275701424 0.03854252965749527 0.14138871941479172
81 0.46306107410655706 0.05456935837621567 0.04725168479069151 0.08695579255305559