80 0.691742601197767 0.31868238440558977 0.15843437697836435 0.16442878875333342
80 0.5307541915413999 0.36623279768395794 0.14042800542706696 0.14840374525034736
80 0.8841348190855912 0.31811542069038123 0.1571994255988834 0.17064242116215284
80 0.858616919944674 0.4282177725139924 0.16204405585660808 0.20352765634451409
80 0.8182530280398458 0.7326520057964924 0.1460848631835546 0.22656511284152786
80 0.6907355376507842 0.7770767658644786 0.1432807677515388 0.2623935100679862
80 0.5713237963572115 0.7970645703853815 0.15643586499257686 0.27518445079743065
80 0.26922354929788755 0.4505402881846526 0.15810682835784542 0.1581787887533334
81 0.18254358435073925 0.09509102840100679 0.11222111827193712 0.1461866286090973
81 0.014612455902036765 0.11464372824850692 0.02414790818602891 0.13321254350298614
81 0.7083623716628391 0.65073181820118 0.09699226594251656 0.21293771751493065
81 0.4693341711878693 0.6868011772429858 0.11557849163225704 0.21024912860909736