80 0.32538235534690846 0.10754627516996554 0.036919292011454094 0.08521145459715278
80 0.4317474641151765 0.8582567496187504 0.08288632001909005 0.14251611474138884
80 0.4829287034531763 0.8938136963321185 0.09078972668681722 0.1505104526972918
80 0.8747771120703149 0.5381891306963895 0.057631781349454056 0.12005923328249998
80 0.9683933817035211 0.6271444875539938 0.06321323659295786 0.1250376740119446
81 0.9110595100652242 0.5015437690891327 0.06181020401018138 0.07641833605604162
81 0.7208152233847704 0.3955807905562853 0.0507454346753633 0.06522626291777786
81 0.5153533746817265 0.12290243749840321 0.028815890674727028 0.06002961664124999
81 0.5327045066836356 0.13736498100138933 0.03506589067472703 0.06017508700597225
80 0.44253349267981756 0.10714884450850733 0.028724984006999677 0.05221711664124999
81 0.4481744180060452 0.05495056487322954 0.02080339600572696 0.042660278685347254
81 0.30148232602640784 0.20149564371107664 0.03373974801081765 0.08045121941479172