80 0.5328125 0.684375 0.0765625 0.1296875
80 0.565625 0.84609375 0.08671875 0.13203125
80 0.48984375 0.859375 0.0703125 0.14375
80 0.42890625 0.5609375 0.0625 0.13359375
80 0.503125 0.440625 0.0515625 0.1078125
80 0.5484375 0.29765625 0.05 0.0953125
81 0.5140625 0.50703125 0.04453125 0.1015625
81 0.58828125 0.47578125 0.0421875 0.103125
81 0.6265625 0.365625 0.0328125 0.08671875
81 0.46171875 0.13203125 0.034375 0.05703125
81 0.475 0.1234375 0.02890625 0.05703125
81 0.4921875 0.1140625 0.021875 0.06484375
81 0.52578125 0.08828125 0.03046875 0.04375
81 0.5546875 0.053125 0.028125 0.0484375