81 0.7236067437947471 0.3767650923039872 0.09517556699689216 0.13176815046753826
81 0.5575836375084406 0.40079242388246816 0.1064769400324213 0.13964428298109546
81 0.47309516749223 0.33078847521032795 0.09542812406898663 0.1036522408266178
81 0.4323824303125116 0.3789759903356385 0.08470894789030421 0.10827610831306052
81 0.35692866604448803 0.38556635792027705 0.08187504631872766 0.11450792759490129
81 0.2722604135632886 0.34524081888905733 0.07115587014004517 0.11913179508134393
81 0.3726050159206535 0.3364521470496927 0.0874700748547749 0.10048178903121974
81 0.8603746896181367 0.2947707246211528 0.10302230024766885 0.09901019262201594
81 0.24111526736839556 0.2802334424256242 0.08405397642635144 0.09421360831306051
80 0.46218770843427415 0.5158310957218328 0.13452916542531543 0.13824540944452862
80 0.8156701193114756 0.4249440379510652 0.11360023531769166 0.15843064441741408
81 0.43686860731976357 0.07283507464459392 0.05011562406898662 0.10338862041330892
80 0.26734405107172937 0.742760713502863 0.13228176881613757 0.22414654800821018
80 0.12390657423109312 0.7989420149289188 0.15015847353086734 0.2055056323171655
81 0.17358531906380664 0.32279767144658117 0.0814383986760924 0.1051329275949012
81 0.09047956658260727 0.28248122277444104 0.06356169396136273 0.12377384328594587