80 0.6472172954602888 0.22283545277735675 0.05245506175762475 0.08466589149054773
80 0.703353635193732 0.21860194985049047 0.04459709765100221 0.08305793969514967
80 0.7935968873053031 0.04382868794663382 0.03431281551854841 0.051753397540671965
80 0.5815384711662517 0.2482217930382405 0.04799488229073816 0.0924511204133089
81 0.3431989806666561 0.9458199974659174 0.05759720282385157 0.10031816256778683
81 0.23128400237426847 0.9128716629605702 0.07504076708875881 0.16290906615858275
81 0.38029684923384777 0.6900921722321481 0.061586020849682475 0.13002384328594588
81 0.44073659256993014 0.5920677626894235 0.05846102084968248 0.13000566256778648
81 0.5616077190546805 0.4225859887835144 0.04969377461060631 0.09714771077238851
81 0.5246399503165692 0.1188433652469475 0.03105142319868044 0.04704771682251274
81 0.5369209899708702 0.08439109719477074 0.02443771034569906 0.03451135538619425
81 0.4621854144231918 0.12076947961013221 0.03118781551854859 0.05173521682251274