81 0.284375 0.384375 0.11640625 0.13203125
81 0.55234375 0.19140625 0.04453125 0.12265625
81 0.50546875 0.21015625 0.0375 0.11328125
80 0.17890625 0.57109375 0.13046875 0.1453125
80 0.1890625 0.2890625 0.09453125 0.10390625
80 0.4375 0.4609375 0.11015625 0.13203125
80 0.61484375 0.4609375 0.09921875 0.14296875
80 0.92734375 0.45078125 0.10078125 0.1484375
81 0.26171875 0.0984375 0.04453125 0.09296875
81 0.34765625 0.7359375 0.08828125 0.16328125
81 0.29453125 0.63828125 0.090625 0.1578125
81 0.91171875 0.8203125 0.15390625 0.14296875
81 0.93203125 0.91640625 0.12890625 0.13984375
81 0.5109375 0.32265625 0.084375 0.1
81 0.67109375 0.325 0.07578125 0.11328125