81 0.3966231980426344 0.30491605081809 0.03217724801081765 0.08041485182361115
80 0.42914479670590727 0.27915233140329826 0.05092724801081765 0.08085126291777786
80 0.45323573002863504 0.20044544994440933 0.05872156667727228 0.07947060087368066
80 0.6442703573758617 0.2983705376159717 0.05712270401018138 0.07630923328249999
80 0.7359765993793614 0.3220242835319091 0.06662497334499946 0.08746493882958344
80 0.2926565974299501 0.7050998484051386 0.10016472668681722 0.15072865824437506
80 0.38298741203849823 0.27475642534312467 0.05732269867918127 0.09349673328250008
80 0.7109295040181355 0.11708286360402717 0.039807934675363296 0.06497168977951392
80 0.794314716024817 0.16437413127145767 0.04469542934436319 0.08226829255305557
81 0.03102765941276907 0.5845925523367013 0.049837462682999246 0.12143989532659738
81 0.8342851880171811 0.10717857390076317 0.028797709341181487 0.05846711664125
81 0.8441141740133631 0.07881718455808957 0.024001121339908595 0.048983013867708355
81 0.5872920093491356 0.10276840330729117 0.024146572008272395 0.06148301386770836
81 0.5720937233449994 0.07264514542350646 0.02712612133990877 0.049055749050069465
81 0.5356749653484993 0.09928103381624956 0.030414753341817757 0.06319098423243057
81 0.5162618940165447 0.10989187870600652 0.04131589067472685 0.06032055737069446
81 0.5007459820178173 0.1196305546178121 0.04286020934118149 0.058794424961875036
81 0.7153635600334075 0.22951012842166607 0.03998974801081765 0.08059668977951392
80 0.7380096246817265 0.09379018075836745 0.038172709341181485 0.058685322188333354