80 0.6896247508074836 0.6140625 0.06756142126547413 0.1109375
80 0.758916267446575 0.68984375 0.09426028896022594 0.11875
80 0.7287497061652148 0.528125 0.08148755357072232 0.103125
81 0.5512233551128499 0.11484375 0.03223184740221221 0.05625
81 0.5016227755675452 0.09296875 0.035165932629560005 0.0453125
81 0.5709182463465521 0.12421875 0.030505706168510116 0.046875
81 0.4882909326295598 0.0453125 0.027462526785361163 0.0515625
80 0.2281277378185448 0.8953125 0.11810689204448091 0.1421875
81 0.9396792978853842 0.6171875 0.04832049756436803 0.0828125
81 0.6523609354689336 0.26953125 0.0511454886359143 0.065625
80 0.6901006688298421 0.19375 0.0496102621748646 0.0671875