80 0.5750605072284746 0.7919399767814619 0.10232609016268804 0.13184087334017516
80 0.4044934771742453 0.8366808259211401 0.11500789734428025 0.16316359621281223
80 0.44463214296348574 0.9200382265850703 0.12589994554888212 0.15541472872636958
80 0.6309171601318997 0.3220996545727548 0.05988406010845857 0.0878454336450254
81 0.41801614257070224 0.6608268530485033 0.08041472872636941 0.1254636083130606
81 0.30659439188333126 0.2075841992613153 0.04724770472226432 0.0643352107723885
81 0.3303409640920382 0.15432284387512105 0.040997704722264314 0.06429884933607007
81 0.5324897922526736 0.052368937553850345 0.03465680113146803 0.04863748789975157
81 0.5516256116327102 0.12022405806535512 0.03783634328594587 0.05803066861791084
81 0.5518528706097007 0.08116155806535515 0.03301248789975162 0.034565897540671964
81 0.5821352682485685 0.11301554606330258 0.03784543364502539 0.05959316861791084
81 0.6000403857350112 0.123848506933887 0.03621021077238851 0.04708407825883123
81 0.6132398225032946 0.13783373888171022 0.04249657220870695 0.05337043969514967
81 0.6481915394240032 0.17278545580241883 0.048801114363184794 0.06278180113146811
80 0.7899775009819587 0.6438195975875542 0.0866738190854491 0.12706246974937904