81 0.38984375 0.33359375 0.0875 0.1484375
81 0.26484375 0.60859375 0.11640625 0.1875
81 0.37265625 0.7171875 0.115625 0.19296875
81 0.75234375 0.64296875 0.15625 0.13359375
81 0.2515625 0.13203125 0.04453125 0.140625
81 0.33828125 0.13828125 0.065625 0.12421875
81 0.20703125 0.20703125 0.05078125 0.090625
80 0.6125 0.77890625 0.1375 0.19921875
80 0.48671875 0.27421875 0.04765625 0.14140625
81 0.55859375 0.11328125 0.02421875 0.09296875
81 0.69921875 0.2828125 0.06484375 0.13515625
81 0.84765625 0.30234375 0.06640625 0.11171875
81 0.9109375 0.29765625 0.071875 0.09140625
81 0.778125 0.27265625 0.075 0.11484375