80 0.4816837835655825 0.6806975716195318 0.10184946828879457 0.13960792154477702
80 0.4352700571019315 0.8358436138722054 0.11296897881213823 0.14279655405833439
80 0.5100726360270091 0.8597083607489473 0.09789001038216938 0.15208065046753844
80 0.5949356705102249 0.5735804840891225 0.0894404735504665 0.14109769867214011
80 0.5311322337914615 0.44356573116225634 0.07226838410204497 0.11444429508134402
80 0.49753223656347173 0.2957640354169825 0.06841534200867017 0.1019261143631847
81 0.5145509495200072 0.5075100564942213 0.06400085779368574 0.10658634328594588
81 0.4426535627165391 0.4664805355151783 0.06252936305535747 0.10813975292686635
81 0.41408967598365826 0.35150952048806366 0.05059080517696728 0.09088862041330889
81 0.5972529735504664 0.14405206537301588 0.0457367052052021 0.06118293969514967
81 0.5849426893495994 0.13382763767991873 0.0394867052052021 0.06114657825883123
81 0.5686351498870605 0.12201798408912257 0.03516322625188941 0.06736930718159236
81 0.5372185499152954 0.09215776726660983 0.03866765785015538 0.04708407825883121
81 0.5107246683734992 0.05295436670087576 0.03737817363517095 0.051762487899751575