80 0.49146515665827284 0.3662705777910074 0.060684129869616396 0.07638196846486114
80 0.5994509805215348 0.3140742577868755 0.05610572402541756 0.0825228656913195
80 0.6541305722417041 0.22624825588701442 0.049637535713814886 0.06987739532659729
80 0.8688207690780188 0.5087016524478827 0.0704136858759707 0.09691267401194459
80 0.9306037487854792 0.4616824885039244 0.06402731818121907 0.08895470364722229
80 0.35430607589515206 0.34353897976711834 0.05629663879807012 0.0934603656913195
80 0.0566986444834082 0.42336607123840286 0.079488676947517 0.07994337955902786
81 0.8505700064994123 0.8826476455140284 0.08378643912238175 0.14720361474138882
81 0.741085912343611 0.8863519141313894 0.07293075973923262 0.1516365416031249
81 0.6357592585280072 0.7862044841355214 0.0602671185055307 0.14197060087368066
81 0.6271576002481766 0.6969055947928477 0.050510288960225934 0.11987739532659739
81 0.4413133778443167 0.5081301162600005 0.05517051542127547 0.11842399810013901
81 0.5079743668839727 0.13687401852045183 0.03538412094116268 0.05861258700597225
81 0.49249937134819965 0.12791659260864624 0.029243215096964016 0.06471711664124999
81 0.45287380965980245 0.11448921903354203 0.026118215096963836 0.06464438145888893
81 0.43178401379971765 0.15854769034819483 0.03094208279171564 0.07256598423243057
81 0.45665950852471193 0.3005903731938545 0.03727390340856669 0.07739895459715278
81 0.49299247483949193 0.27877057779100733 0.03702844155801373 0.06333645459715279
81 0.6235430454563429 0.27711977165458385 0.024664809252765353 0.07085801386770836
80 0.5649589780859028 0.2304253031897227 0.049637535713814886 0.0698773953265972
80 0.6365163782480585 0.20551752858843803 0.044540932629559826 0.04633079255305557
80 0.6308391225660157 0.17255955822371583 0.03829093262955983 0.04618532218833336
81 0.48054484212720644 0.09637565187920179 0.02751707386326192 0.055305749050069464
81 0.4163481542226409 0.28167606582316007 0.040589818181219074 0.08840918977951392