80 0.6491616639803326 0.3071621365770496 0.05941469473518968 0.09127952800763595
80 0.7713144608924404 0.16361103656114123 0.038283739200226916 0.06760567067154524
80 0.7831621525475871 0.3610491105585959 0.0556349303072194 0.07249316534054513
80 0.35760164655713733 0.2925932959500478 0.048313503628197016 0.08646475867281786
80 0.4076834921106337 0.28966774327659356 0.045297631032858734 0.08955339600572695
80 0.6930728990042081 0.12313203457195891 0.042862111795565025 0.0645352146721816
81 0.031670346375727534 0.6588659226607275 0.06334069275145507 0.11500792934436319
81 0.3002975780454831 0.30106941462445647 0.052400802902557685 0.06933180267345422
81 0.37963041398033254 0.31029841661363883 0.03047123920022683 0.06751476400381798
81 0.482971212706539 0.12401492393382123 0.042916675497895795 0.06609771467218155
81 0.49652528121819317 0.11604788259868495 0.03187004809323426 0.06284544533736343
81 0.5139037541763513 0.11037913792968505 0.028963302902557685 0.06905908267027257
81 0.5412574278601486 0.08741380525941249 0.029980165879248944 0.053452264003818015
81 0.585280246371803 0.07909222792014003 0.025347229581580068 0.05496022000318166
81 0.6957489765015371 0.2254030592377771 0.027291675497895795 0.06591590133672706
81 0.817328854539171 0.09825820922186876 0.023839293283910833 0.05650453866963625
80 0.71571179083684 0.10100249590232266 0.0410813569862416 0.05826703333863614