80 0.7402453782215599 0.3976104220828436 0.06535940637700648 0.08543866801906326
80 0.49738060605900697 0.6724094192401745 0.08196040818602893 0.1341216298696164
80 0.4642006931232796 0.8450208047918337 0.07817366689245624 0.15122730925276534
80 0.5403880568726611 0.8663679249222174 0.1011198439616777 0.14226141233702058
80 0.3276071008590826 0.10375665097622996 0.03913109905006031 0.06156479139585782
81 0.5967709379233554 0.2710906067409984 0.032792567842395925 0.08955342370110611
81 0.5607958163720579 0.256079261367381 0.03386374491161739 0.08020569724005648
81 0.5527642311168075 0.13266903490633136 0.034116050429541286 0.055232970779006775
81 0.5447093916776855 0.11326051583160787 0.03880355042954129 0.05531479139585782
81 0.5294562059020367 0.10570711445163612 0.033126760515449584 0.06614319724005649
81 0.4980900192218769 0.07419406169169257 0.03198034034363317 0.04426819724005646
81 0.4610913082314575 0.039651466318075215 0.0291828889641522 0.05046365016215578
81 0.2981586182719372 0.13867712175523678 0.02671298620519007 0.0629091030842551
81 0.2812920228399215 0.17494190422264083 0.034853034825709096 0.06929547077900682
81 0.25294129353213635 0.08160100730689594 0.024495388964152022 0.05038182954530477
80 0.2569770183173657 0.054161799920569756 0.03477114767057934 0.0677329707790068
80 0.23112052521477064 0.02333453977430002 0.028937227498762753 0.04577615016215578
80 0.2093274123699004 0.02527886931960478 0.022605340343633085 0.04410455600635441
81 0.7476638890756937 0.6883717897775953 0.0677341338757694 0.13075116801906325
81 0.8956886312737776 0.6928256903467882 0.09478795680654777 0.14058981818121907