80 0.7724741136492098 0.5799787897677094 0.10664275595208483 0.1860114123370204
80 0.6608971113034213 0.6693258875769589 0.1405150113999664 0.2240568831160271
80 0.32601401291257565 0.6673819634721109 0.1312821230323638 0.20360801542127546
80 0.3008004814857935 0.808955808845728 0.14712564431968733 0.2070057508107787
80 0.19535922863580196 0.751714278813956 0.1740487772394082 0.190309174511885
80 0.18908136750760757 0.9167062589284537 0.19294088887180566 0.16658748214309255
81 0.3447818943196873 0.21045585348799692 0.11369043144645259 0.17521028003177214
81 0.7849462525210156 0.7471799265371846 0.10446825075630457 0.22186709172016955
81 0.5433432605667872 0.7624701412304067 0.11554786238870207 0.20177278003177204
81 0.40717154174146775 0.5447314419617554 0.10556085719292199 0.23749209172016955
81 0.6242444272590786 0.5134071241842781 0.1054080378830701 0.19067163879807011