80 0.6359375 0.22421875 0.0484375 0.08359375
80 0.6921875 0.21953125 0.040625 0.08203125
80 0.784375 0.04375 0.03125 0.0515625
80 0.56953125 0.25 0.04375 0.09140625
81 0.3234375 0.95078125 0.053125 0.0984375
81 0.21171875 0.91953125 0.0671875 0.1609375
81 0.36328125 0.69453125 0.05625 0.12890625
81 0.425 0.59609375 0.05234375 0.12890625
81 0.54765625 0.425 0.04453125 0.09609375
81 0.51484375 0.121875 0.02890625 0.046875
81 0.52734375 0.08671875 0.02265625 0.03359375
81 0.45234375 0.12421875 0.02890625 0.0515625