80 0.540625 0.146875 0.0390625 0.0640625
80 0.5734375 0.1171875 0.03125 0.05546875
80 0.61640625 0.3078125 0.05234375 0.06796875
80 0.61875 0.24921875 0.04765625 0.065625
80 0.54921875 0.3609375 0.053125 0.08203125
80 0.4765625 0.328125 0.05546875 0.071875
80 0.14375 0.93671875 0.10234375 0.1265625
81 0.64921875 0.31015625 0.03828125 0.08125
81 0.45703125 0.12734375 0.0375 0.0453125
81 0.475 0.12109375 0.03359375 0.04921875
81 0.49375 0.10390625 0.03125 0.0421875
81 0.76953125 0.11875 0.02421875 0.07109375
81 0.715625 0.2125 0.0234375 0.065625