80 0.2861284646825396 0.032021064648319025 0.04024307063492083 0.06404212929663805
80 0.35851460441122174 0.04579102128422953 0.03858044108527148 0.06602498933799979
81 0.8513031678017704 0.5545167525461874 0.09344721622369896 0.11818747334499946
81 0.6976646329457352 0.41812636123491365 0.07053134793281686 0.07732611600890867
81 0.7258792705149492 0.39203602856464104 0.05536742288667416 0.059974984006999674
80 0.7275011297065328 0.3545451192314138 0.06830751387966068 0.09135225334181776
81 0.6552046275470645 0.3132303232415951 0.059193329734219445 0.07094884667409058
81 0.586601229180509 0.12901041191918555 0.04755492288667416 0.05988407733927246
81 0.5752026542266515 0.11196836258754908 0.04120479333702498 0.05824885200509069
81 0.5546188463916573 0.06770983259073077 0.03611677513842757 0.051944308004454334
81 0.40795579503506796 0.1513864932765935 0.043768588833518154 0.07389203333863614
81 0.38459863818752266 0.16258762261300247 0.0374184592838688 0.07225680800445433
81 0.3591177768364706 0.15820011461650232 0.0421059592838688 0.07231135200509069
81 0.32601538016795817 0.1874699912874112 0.05031897748246603 0.07865225867281792
81 0.34183014728682126 0.1599626092855022 0.04160531153562221 0.06449885200509069
81 0.3095683598098925 0.15175066728995654 0.04180557063492074 0.06762385200509069
81 0.3302010348560351 0.13433590062063847 0.029966904688076924 0.05343408267027252
81 0.30912707125322963 0.12209043929027472 0.03339229333702489 0.058157945337363424
81 0.3618491579272794 0.008119940642910184 0.026301684145441227 0.01623988128582037