81 0.253125 0.6328125 0.07265625 0.16875
81 0.32578125 0.634375 0.06796875 0.19375
81 0.59765625 0.3296875 0.090625 0.15234375
80 0.30546875 0.1671875 0.059375 0.1078125
81 0.54609375 0.1875 0.04296875 0.10390625
81 0.50078125 0.21015625 0.040625 0.14296875
81 0.7796875 0.27890625 0.05546875 0.09453125
81 0.70078125 0.26484375 0.06640625 0.1078125
81 0.85 0.39140625 0.075 0.14140625
81 0.78203125 0.5140625 0.09609375 0.1359375
81 0.91484375 0.82109375 0.13203125 0.14140625
81 0.44609375 0.88984375 0.146875 0.175