81 0.34140625 0.7234375 0.11015625 0.18046875
81 0.50546875 0.19140625 0.04375 0.1265625
81 0.55078125 0.1921875 0.04921875 0.1203125
80 0.24296875 0.55546875 0.125 0.15078125
80 0.53203125 0.5421875 0.10078125 0.1578125
80 0.078125 0.51171875 0.12109375 0.13046875
80 0.05234375 0.415625 0.1046875 0.128125
80 0.0328125 0.32109375 0.065625 0.10390625
81 0.25859375 0.10390625 0.03671875 0.09296875
81 0.16796875 0.29296875 0.084375 0.1296875
80 0.35703125 0.05234375 0.03984375 0.1
80 0.51953125 0.1 0.03515625 0.1