81 0.35703125 0.66796875 0.109375 0.21015625
81 0.44296875 0.73046875 0.08359375 0.21953125
81 0.68828125 0.3109375 0.06875 0.1171875
81 0.62734375 0.26640625 0.06015625 0.1171875
81 0.55 0.28125 0.05390625 0.14296875
81 0.53984375 0.19375 0.03359375 0.090625
81 0.509375 0.2390625 0.0484375 0.0984375
81 0.2640625 0.365625 0.0921875 0.1015625
81 0.2234375 0.41171875 0.10703125 0.11171875
81 0.21015625 0.23515625 0.08671875 0.10078125
81 0.2515625 0.11796875 0.04921875 0.10234375
80 0.1515625 0.34453125 0.09921875 0.1265625
80 0.53046875 0.1015625 0.04375 0.11328125
81 0.53203125 0.54296875 0.09453125 0.10390625
81 0.86171875 0.29140625 0.06484375 0.11875
81 0.91875 0.28203125 0.05234375 0.09296875
81 0.25546875 0.30625 0.06875 0.0890625
81 0.27109375 0.078125 0.02890625 0.07734375
81 0.29921875 0.04765625 0.03515625 0.090625
80 0.9609375 0.71953125 0.078125 0.1546875