81 0.6923515466741589 0.3079650953290493 0.06969666558343128 0.14414088544042353
81 0.553153084419864 0.628281619627742 0.09417846834337489 0.1145988311856975
81 0.6265769476503888 0.629490116504484 0.10983074188232518 0.1162522347764936
81 0.7574174391256768 0.34037814041039327 0.08644778896022594 0.11924087939029934
81 0.240159575488115 0.16235105083688056 0.06254663879807013 0.09254202400410509
81 0.2817800596598024 0.10555615017295061 0.049964818181219076 0.08778180113146816
80 0.7672991793864443 0.49045086328303017 0.11692622158978576 0.16472609621281203
80 0.9201105336885153 0.5093104684728328 0.13748418344033908 0.17890677088084708
80 0.8754978685121213 0.8270519594958422 0.18032624837514674 0.21665221057599665
80 0.5467465405850789 0.1000657160369458 0.040889827109672795 0.10491475897699046
80 0.17884815422264083 0.2729431171918551 0.13038870373287823 0.13043290944452862
80 0.051903824677336084 0.294081798106406 0.09146257142762992 0.13801815046753826
81 0.8550151879078609 0.2995354926733295 0.07849892126547431 0.1113829275949012
81 0.9137901700509534 0.334255926318355 0.061147780031772216 0.1019079336450254