81 0.5526868490270653 0.159375 0.02595457386326174 0.0546875
81 0.5270380125819016 0.10703125 0.027380706168510117 0.046875
81 0.55932836120193 0.0921875 0.024228432629559826 0.0453125
81 0.4966414005691929 0.14765625 0.02907957386326192 0.0546875
81 0.4769737828744411 0.15546875 0.03686480032431163 0.053125
81 0.6920981765437751 0.22890625 0.027735262174864595 0.0671875
81 0.707545898540598 0.2390625 0.03072389448011279 0.059375
81 0.7220350925342436 0.259375 0.029325035713814885 0.06875
81 0.6678385162353496 0.23125 0.022993215096963837 0.0640625
81 0.7324970799523418 0.15234375 0.024501168019063258 0.0609375
80 0.7274783433450225 0.1265625 0.030587526785361162 0.0515625
81 0.8147152905850789 0.096875 0.02603639448011279 0.059375