80 0.33784856004047975 0.09415750351604142 0.04323874491161739 0.07991475897699045
80 0.690621593734535 0.5625610281093217 0.08443031094499087 0.1207670179539809
80 0.8878307864075887 0.5379690525062102 0.07802318068726599 0.08792724687674217
80 0.9616025212002413 0.5367514652703885 0.07679495759951749 0.10980224687674216
80 0.2756394821328602 0.815833036497137 0.11115658525525038 0.12404655405833438
81 0.5657555540475859 0.14831724180857647 0.041021147670579336 0.06740566861791084
81 0.588285651288624 0.16068997678146185 0.03732293758467105 0.05644998789975162
81 0.5338161572815178 0.10552120863108923 0.04702548620519007 0.06275453005422929
81 0.5068884871097012 0.08379619955590291 0.03847600180902226 0.04864657825883121
81 0.27925481004047975 0.0944983919815271 0.03625176051544958 0.06581589754067196
81 0.6875043170494264 0.711843410622879 0.07480300542706679 0.14570338544042372