80 0.42324303652788914 0.2871604496723931 0.05917617694751698 0.0791341209411626
80 0.5307788469984704 0.26012243709049143 0.05440685633066593 0.07436480032431154
80 0.7275724318220762 0.5816231103845604 0.07367505357072232 0.10437958279171547
80 0.6938093120987296 0.6802827528360785 0.09417846834337489 0.11567163879807012
80 0.887935007713933 0.43828398781854483 0.07504663879807012 0.09346935633066593
81 0.24575896469322212 0.24733251623205438 0.038836403408566686 0.0772170649348082
81 0.2609709074690517 0.22649786485208265 0.04037162986961631 0.07568183847375849
81 0.48615391396187346 0.13039798092198124 0.0400716209411625 0.05849433847375849
81 0.46674539488715006 0.123025811685102 0.0339579886359143 0.06619774431795715
81 0.42178745089350445 0.10192237905554213 0.041525026785361165 0.05227161201270882
81 0.39292211120193 0.09907406858496084 0.030860262174864594 0.06770569724005646
81 0.6126328189952932 0.2717105478853843 0.03571140340856669 0.07716251785690745