81 0.4796875 0.7734375 0.18125 0.453125
81 0.68828125 0.8515625 0.17578125 0.29609375
81 0.61875 0.6640625 0.1296875 0.3390625
81 0.74296875 0.6625 0.115625 0.36640625
81 0.8984375 0.49296875 0.12421875 0.3
81 0.35625 0.6015625 0.1609375 0.28359375
81 0.27421875 0.5609375 0.10546875 0.31484375
81 0.1984375 0.33671875 0.09453125 0.1828125
81 0.28671875 0.36953125 0.084375 0.25859375
81 0.38671875 0.4828125 0.121875 0.26640625
81 0.3546875 0.32421875 0.1234375 0.1390625
81 0.56640625 0.46328125 0.159375 0.27109375
81 0.5015625 0.5171875 0.1296875 0.2609375
81 0.87265625 0.3546875 0.1046875 0.2640625
81 0.7546875 0.3875 0.09609375 0.2515625
81 0.67734375 0.3734375 0.09453125 0.18828125
81 0.55 0.3 0.1234375 0.19296875
81 0.3515625 0.2203125 0.090625 0.16640625