81 0.563039694785423 0.7602700499284124 0.27957210752465134 0.47018742003499836
81 0.7839729329985987 0.80459966323205 0.23999156906380675 0.32449311203054415
81 0.6751500889134014 0.6331161092457313 0.2025301104201354 0.3584135786919081
81 0.7959698571103665 0.6090417152291867 0.19588200413382922 0.38332267202418074
81 0.9081389666039978 0.41384629921232374 0.1837220667920043 0.3192238093570898
81 0.404891092842343 0.6206273892823205 0.22214909759985382 0.3102306173615442
81 0.3161903118250963 0.5958642939608654 0.17309516749223003 0.3299613146880899
81 0.1932300390800173 0.3893699406429102 0.13416960049533805 0.1983295066836357
81 0.2862180597581817 0.4054847419637289 0.1406422324222074 0.2702408693507266
81 0.4085896734880861 0.4986433012810479 0.1787972038861602 0.2847397213558171
81 0.3429731739023708 0.34854385128900206 0.15266273531769164 0.1595033640197263
81 0.5804432487571457 0.44583483259073076 0.2184419007430071 0.29769425469445315
81 0.5287395076484859 0.5105336792648213 0.18646415467194846 0.2817056280235445
81 0.8550151015287953 0.28239685188577796 0.1613913800648426 0.2798522266868172
81 0.7473331881703944 0.33680363590073187 0.1513614086008898 0.2656806386855446
81 0.6683905508668415 0.3369405432447768 0.13595042431665547 0.20303518801718107
81 0.528561763439454 0.28854050059677594 0.16451207195929066 0.21273745202099903
81 0.31711268713693713 0.24644554929186552 0.12711907981717357 0.1810692813494538