0 0.67578125 0.1984375 0.015625 0.06328125
0 0.69140625 0.20703125 0.025 0.0609375
0 0.71484375 0.21796875 0.02578125 0.05859375
0 0.74140625 0.2078125 0.021875 0.05703125
0 0.76953125 0.1546875 0.0203125 0.05546875
0 0.74921875 0.1625 0.0171875 0.02890625
0 0.72421875 0.17421875 0.0171875 0.02734375
0 0.7484375 0.134375 0.0140625 0.025
0 0.59453125 0.22421875 0.0359375 0.0578125
0 0.32578125 0.28828125 0.0375 0.04609375
0 0.0734375 0.609375 0.059375 0.05390625
0 0.0796875 0.54765625 0.08046875 0.059375