0 0.22890625 0.7328125 0.0484375 0.12265625
0 0.2609375 0.640625 0.05859375 0.1046875
0 0.6140625 0.3046875 0.03515625 0.08515625
0 0.65859375 0.25390625 0.01953125 0.075
0 0.625 0.2625 0.0265625 0.059375
0 0.68203125 0.26796875 0.025 0.078125
0 0.69375 0.19921875 0.0234375 0.04921875
0 0.72421875 0.23046875 0.02109375 0.0609375
0 0.73125 0.16328125 0.01875 0.04765625
0 0.76171875 0.159375 0.0171875 0.0609375
0 0.396875 0.1984375 0.0328125 0.06015625
0 0.15703125 0.47421875 0.0578125 0.07265625
0 0.2046875 0.44609375 0.03359375 0.0765625
0 0.21328125 0.37890625 0.0484375 0.0359375
0 0.3 0.31484375 0.04765625 0.05078125
0 0.3671875 0.24296875 0.04375 0.05078125