0 0.45625 0.2296875 0.0546875 0.0734375
0 0.38125 0.20546875 0.0453125 0.065625
0 0.3546875 0.29609375 0.04375 0.06796875
0 0.40390625 0.2953125 0.03359375 0.06953125
0 0.22109375 0.6546875 0.07578125 0.1296875
0 0.66796875 0.12109375 0.028125 0.071875
0 0.69296875 0.0859375 0.0296875 0.059375
0 0.75546875 0.15546875 0.0390625 0.0640625
1 0.21640625 0.4515625 0.03203125 0.09921875
1 0.496875 0.11328125 0.0265625 0.06796875
1 0.47890625 0.11953125 0.0359375 0.053125
1 0.46328125 0.13359375 0.0359375 0.0625
1 0.53828125 0.07578125 0.03125 0.05
1 0.68515625 0.221875 0.0234375 0.06875
1 0.790625 0.0921875 0.01953125 0.05390625
1 0.79921875 0.06875 0.01484375 0.0515625