1 0.6608755680483182 0.5501033299752088 0.12340776206571746 0.1808525693385418
1 0.7966915277596321 0.46037129559027845 0.10701887023308565 0.1586138934267362
1 0.8515749460011339 0.35548508025954934 0.06815477767481397 0.11867857123840278
1 0.794196466419554 0.29950653077263956 0.09228175843752062 0.0942604526972918
1 0.9503299045313216 0.34451317229951467 0.08605160580511537 0.13939111474138893
1 0.16203129636395372 0.34802253875333344 0.12360616950744614 0.14182643692972235
0 0.33268604754508 0.2723718413743753 0.0741518065307547 0.1562876740119445
0 0.2962921905588384 0.21375925436840304 0.050059542102784425 0.13699216014423615
1 0.39792163402808367 0.06156293436427116 0.042445449544513104 0.09778418977951393
0 0.7960963385515563 0.8233434210652437 0.17052086424263563 0.23346972948277803
1 0.592343756623422 0.0629656994662505 0.03904763103285873 0.0898989545971528