1 0.4546875 0.7109375 0.06796875 0.18046875
1 0.43046875 0.603125 0.10625 0.1765625
1 0.80703125 0.43671875 0.1125 0.11328125
1 0.57734375 0.2359375 0.05 0.1484375
1 0.64765625 0.253125 0.09453125 0.1203125
1 0.5234375 0.234375 0.03828125 0.12421875
1 0.559375 0.08828125 0.03359375 0.128125
1 0.90078125 0.26796875 0.08671875 0.1390625
0 0.30703125 0.44921875 0.09375 0.14296875
0 0.5 0.384375 0.07890625 0.1390625
0 0.81328125 0.35234375 0.09609375 0.1375
0 0.93671875 0.75390625 0.12578125 0.178125
1 0.253125 0.11875 0.04765625 0.1
1 0.26875 0.08125 0.05390625 0.09453125
1 0.30234375 0.0375 0.046875 0.07421875