1 0.6319466972867749 0.34666852614540444 0.039971566677272106 0.07835225897699045
0 0.601087595958002 0.3128929689638121 0.043187473344999464 0.08618293969514967
0 0.6881887013049104 0.21339293871319104 0.05552384134309048 0.07219316256778666
0 0.2530404472867749 0.3444641140685971 0.07134883601209037 0.08947156615858276
0 0.06550353727722986 0.41369031615858276 0.07599997334499946 0.08637383723582168
0 0.7957984699236399 0.5671678993873837 0.07787155601527207 0.1129454275949012
0 0.3094380873249549 0.0635231862773041 0.033521572008272396 0.061128397540671967
1 0.9066001572645032 0.5123400197024968 0.063518154678545 0.0878636143631848
1 0.563271064648319 0.1384424148072818 0.024092028007635945 0.056386355386194256
1 0.5486363999840916 0.12038730639602543 0.03820907200827239 0.061155668617910844
1 0.5315216253182735 0.11403731244614965 0.025781797342454026 0.06733294574527386
1 0.4942943453214551 0.09038164382823881 0.03978975334181776 0.06272725897699045
1 0.28833415197327394 0.1985658067888089 0.03532042934436319 0.08144998789975162
1 0.21825691462445648 0.31222833098930575 0.0430965666772722 0.07837043969514967
0 0.25833921133036375 0.023379454427676732 0.033321577339272504 0.04394089754067197
1 0.631805411203097 0.9611567103796052 0.061882929344363194 0.07768657924078966