1 0.7838224288714475 0.7480588002494091 0.0748646863754999 0.24702177678548623
1 0.31557850644290764 0.26917987899034695 0.07102154800821019 0.12351154160312508
1 0.20339510636815294 0.6201812941685763 0.14318743949875792 0.1751844507974308
0 0.5401780097625574 0.46704976206475646 0.11963176483072288 0.15432643692972228
0 0.3377024495559029 0.49441561512263854 0.11188289734428025 0.16508209897381967
0 0.11344629635789019 0.7745979968658678 0.1524988069852006 0.16446515634451409
0 0.08692418209290134 0.9025418121203472 0.1663976805217675 0.136667464665139
0 0.33134180260440615 0.9163815341005901 0.16957722267624523 0.14611519984750032
0 0.11602795833650162 0.33084799686586797 0.0913794998036083 0.13179682028847228
0 0.05933707592114016 0.407938480148368 0.11799654195808598 0.1417900693385418
0 0.9338280158126816 0.47507262908725617 0.1273988130353249 0.14669577488562524
1 0.7556682170189044 0.08239808586861047 0.03647383118569749 0.0930239545971528
1 0.5060631267580207 0.15460496666190932 0.03664654800821019 0.12271145459715282
1 0.4685722171171003 0.15391528885024267 0.04279655405833438 0.10566942496187504
1 0.23838474736772133 0.24519882475378454 0.06769656010845856 0.08906380642076392