1 0.40027863582729195 0.3072032049539895 0.03310474715020835 0.08023297077900678
0 0.4325092543684031 0.28163046063603236 0.051854747150208526 0.08056025324641088
0 0.4556908748093752 0.20306908401282692 0.05963087955902786 0.0791341209411626
0 0.6479167020317017 0.3020990990303606 0.05799564437666671 0.07598184740221221
0 0.7399230172861808 0.32628484700176574 0.06762521751493064 0.08708298863591431
0 0.3009404377827437 0.7067549659110381 0.10189242116215294 0.15015573295387147
0 0.3862882177992711 0.2769662800350674 0.05839568787965286 0.09316934740221221
0 0.7124844290459376 0.12121156331654566 0.04055357123840277 0.06474433847375849
0 0.7964425081681251 0.1689848157521776 0.04564111474138901 0.08201365909060954
1 0.03783841289711855 0.5847335101462697 0.051237804520902874 0.12115797970746059
1 0.835758274885625 0.11202570373946878 0.02947060087368065 0.058303423701106104
1 0.845259908244375 0.08372342573629159 0.02456489532659738 0.048846603084255105
1 0.5886468855429514 0.10617867289362251 0.024855836056041625 0.0613466030842551
1 0.5730939675149307 0.07596902151365074 0.02768989532659738 0.04890115016215577
1 0.5369752827694099 0.10239119967898373 0.03114220364722229 0.06301819724005649
1 0.5176804221120834 0.11288836891586299 0.04200696846486114 0.06008411201270882
1 0.5022736276591668 0.12253610430536636 0.043533100873680654 0.05854888555165916
1 0.7182278956109377 0.23365701623864496 0.04091724715020852 0.08036933847375849
0 0.7393008489738195 0.0980780263849147 0.03884560087368065 0.058467064934808154