1 0.396875 0.3343402012062229 0.1078125 0.1537522347764936
1 0.45703125 0.2089089300307882 0.0640625 0.12068520472226432
1 0.50625 0.19122652634179613 0.0453125 0.1268261204133089
1 0.71484375 0.2775963392789251 0.0640625 0.15037270472226433
1 0.675 0.5898645351223948 0.1203125 0.16944995764913068
1 0.17109375 0.7658391443192182 0.1359375 0.1929783612399266
1 0.1328125 0.6796789305217674 0.125 0.10853972872636941
1 0.1875 0.2979658430895541 0.0734375 0.10823974687674198
1 0.0734375 0.336364746876742 0.0765625 0.1098204275949013
1 0.23359375 0.25604650868240286 0.0578125 0.08158634328594587
1 0.30546875 0.2611521652000653 0.08125 0.09578519867214012