0 0.6187403887600732 0.1503572499030908 0.03793633723582168 0.07587282218833336
0 0.36378472316722454 0.19052308254066003 0.051944295081343926 0.06682513050895836
0 0.4192807442444634 0.1871266320275698 0.05822156615858276 0.0716581008736806
0 0.47681442564999366 0.6393080342880213 0.0866647287263694 0.12700021751493065
0 0.5481798446606879 0.8628741272779171 0.10722266842151917 0.16966049620027768
0 0.485348046554282 0.9184506736306949 0.11498062626704134 0.16046733415618064
0 0.33186501913233124 0.7078190321038197 0.08200449980360824 0.13157861474138902
1 0.40424557582294424 0.3539868237069448 0.056886325135573304 0.11068423328249999
1 0.6787193767580207 0.1822261521635422 0.0395261083130606 0.08059668977951392
1 0.6978920784552229 0.1100063132577089 0.03478406615858276 0.07111258700597226
1 0.6397568707078966 0.1641294623840283 0.03788179508134384 0.06649782218833336
1 0.7215432018935939 0.07383307712541727 0.03640110831306061 0.08052395459715282
1 0.48556479527773566 0.07537282085715319 0.040961343285945875 0.058758057370694484