0 0.5126616157855464 0.35777822208707005 0.07234639077317447 0.09882838544042354
0 0.4310873891912947 0.3784038185944697 0.06930327792830404 0.10037270472226431
0 0.5098453115108178 0.08345947813719423 0.040693599050060314 0.061155668617910844
0 0.7351628940525348 0.033973604306039754 0.035187227498762755 0.04550339754067197
1 0.5067247970386394 0.47105947208707005 0.05861143939369349 0.10499657220870695
1 0.6382934588427128 0.24206738455666077 0.0434025192218769 0.08303975897699045
1 0.5588173207830719 0.2673941166026799 0.041594357756487635 0.07834316861791084
1 0.6890547766851087 0.1532730501495095 0.03690685775648746 0.078315897540672
1 0.7112097376755282 0.11823497481754455 0.03140048620519007 0.06266362646343308
1 0.7436404573723748 0.06606394164005727 0.028193599050060313 0.061082945745273884
1 0.7227990128902988 0.09095031215156205 0.02630355042954129 0.054823855386194276
1 0.48570072535105624 0.23102027936685826 0.05039614767057934 0.06746021077238851
1 0.4117077046588413 0.13681121623333756 0.04529921189493056 0.05962043969514967
1 0.42938652758961987 0.12753621018321334 0.04513543758467105 0.056495439695149675
1 0.45002325418387146 0.10655608967170857 0.04645227611928178 0.05181703005422929
1 0.4791309000454286 0.08796971613514168 0.02778416327441171 0.05327044574527386