1 0.6545825765834129 0.6171310170702181 0.09625902402927142 0.216170421544777
1 0.5834433732495492 0.6206236557320955 0.08695674936345306 0.22236587939029934
1 0.5370854465706862 0.7102037853187866 0.07730902936027136 0.1988738372358217
1 0.46154164859168534 0.5550663125443455 0.1170067813494537 0.11942268657189174
1 0.7751394299013682 0.7311213150784284 0.12116811736154406 0.20850336729005078
1 0.36485974196372895 0.26932827956324995 0.054597688017181054 0.12687157220870696
1 0.2998796319621381 0.28066977966144585 0.08880905601527207 0.11300906010845857
1 0.21171601328772938 0.33719196955298725 0.10443405601527198 0.11309996369925476
1 0.6060745406190476 0.35433103522059073 0.09178860534690844 0.10052724082661779
0 0.20621889660250298 0.4738879936552882 0.11110222668681721 0.1490738251355733
0 0.558435924610139 0.4196833244482022 0.07699994668999892 0.17231133723582168
0 0.5133159706397284 0.20143731849627383 0.060974957351999134 0.1378454336450255
0 0.7029768126193658 0.35255088748352703 0.11406359468490823 0.13502950585373252
0 0.6669109485996394 0.4976633995837754 0.11755222135581711 0.16629768657189176
1 0.09066826396404712 0.26538917154477704 0.06687951201463568 0.10819429508134393
1 0.7446665153166826 0.12699689646051746 0.04465906667727211 0.07837953005422929
1 0.7264801366565914 0.07845031215156205 0.03546588001272664 0.09394998789975159
1 0.6995727386616821 0.04079123086766874 0.04767497867599957 0.06902271077238853
0 0.04036799828932021 0.7315090752337691 0.08073599657864042 0.16613406010845858