0 0.566489625874258 0.4171875 0.05833065046753809 0.0890625
0 0.6153629422292324 0.3578125 0.06930451190385653 0.0953125
0 0.7717311168972675 0.378125 0.0660886083130606 0.0796875
0 0.3868379664297293 0.2890625 0.05843064441741408 0.10625
0 0.3114703277678519 0.36015625 0.061537463699254766 0.103125
0 0.7250823341125636 0.1484375 0.040988614363184794 0.0625
0 0.7949453822189698 0.20546875 0.04419542759490121 0.0765625
1 0.28466901677563056 0.85625 0.08070562021691714 0.175
1 0.5038522287263694 0.125 0.039389752926866174 0.05625
1 0.5459397347764936 0.1078125 0.03154998184962743 0.0515625
1 0.5731971263652372 0.09296875 0.03310339149054773 0.05
1 0.6044062197493789 0.0859375 0.04408634328594587 0.0578125
1 0.8274988069852007 0.1609375 0.03473861436318444 0.0625
1 0.8406300660603868 0.13515625 0.023728391490547552 0.05
0 0.7507181383672898 0.1234375 0.03785452400410509 0.0609375
1 0.8607562136992548 0.103125 0.026862481849627074 0.0515625
1 0.47919311719185503 0.18359375 0.03782725292686635 0.05625
1 0.429434011707465 0.225 0.04249657220870695 0.053125
1 0.4258868308911099 0.28671875 0.04883747579950324 0.06875