1 0.6584492783050229 0.543254311278065 0.11919994404836291 0.17855346834337488
1 0.7931759678010394 0.4503418827056948 0.10293844655564541 0.15640573295387145
1 0.8463344085506972 0.3450737301079071 0.06590980799670092 0.11827844155801363
1 0.7884931648189033 0.2894043827056948 0.09013691818411544 0.09215231818121908
1 0.9450985174844704 0.33118059983125364 0.08208037727617352 0.13730117694751698
1 0.15708169193679192 0.353344962661332 0.11962584138279593 0.13951824188232517
0 0.32732834428578983 0.27354618871534453 0.07012594655564541 0.1558329886359143
0 0.290512654394062 0.2159012840889619 0.04609741316955063 0.13511138555165916
1 0.38987249373179383 0.06146497442915948 0.0402733105039836 0.09596706493480815
0 0.796737854644124 0.8142816517804181 0.16445025956691134 0.23087962743398407
1 0.5841991552519918 0.0578292800284768 0.03696645407749273 0.08966251785690749