1 0.7546875 0.57734375 0.06171875 0.15390625
1 0.73046875 0.47421875 0.05703125 0.1484375
1 0.80859375 0.46171875 0.05703125 0.140625
1 0.8265625 0.32265625 0.08828125 0.11484375
1 0.571875 0.45859375 0.06484375 0.1578125
1 0.62578125 0.5390625 0.071875 0.17109375
0 0.58515625 0.6953125 0.003125 0.05859375
0 0.1 0.29609375 0.0875 0.1171875
0 0.671875 0.796875 0.14375 0.16015625
1 0.56953125 0.24296875 0.04140625 0.11875
1 0.51015625 0.171875 0.03515625 0.109375
1 0.540625 0.175 0.03359375 0.10234375
1 0.34921875 0.06015625 0.040625 0.10546875
1 0.2546875 0.10625 0.05078125 0.1109375
1 0.75078125 0.95703125 0.134375 0.08515625
1 0.946875 0.32109375 0.07109375 0.10390625