1 0.16942109243252682 0.43828125 0.10862953657757743 0.1734375
1 0.3441491784020819 0.45078125 0.06698586463846716 0.1484375
1 0.4487809871855998 0.334375 0.1500185405319101 0.1921875
0 0.44677677129171933 0.49609375 0.11471771049385407 0.2078125
1 0.4172245810638203 0.384375 0.06542336463846717 0.1484375
1 0.7122890943725121 0.05234375 0.10895318874502422 0.1046875
0 0.2722409807969902 0.69921875 0.12211371642535314 0.2359375
0 0.2585008384781941 0.41953125 0.11535438045579802 0.2234375
0 0.35777262110143887 0.57421875 0.09612953657757747 0.1734375
0 0.6066345213289004 0.89140625 0.15259971247102033 0.2171875
0 0.7858604704168668 0.65 0.16500155338349137 0.253125
0 0.5563414081733079 0.75 0.13770954152049342 0.196875