1 0.490625 0.34453125 0.05 0.1375
1 0.65390625 0.32734375 0.084375 0.13515625
1 0.4953125 0.21796875 0.03828125 0.0984375
1 0.1359375 0.846875 0.12578125 0.215625
0 0.3984375 0.48203125 0.10078125 0.16328125
0 0.39375 0.3125 0.07890625 0.16484375
0 0.28671875 0.70703125 0.12734375 0.18359375
0 0.11171875 0.72890625 0.11875 0.21328125
0 0.51953125 0.0765625 0.03984375 0.12578125
1 0.55859375 0.0484375 0.03359375 0.08515625
1 0.2828125 0.15703125 0.04921875 0.090625
1 0.3265625 0.05390625 0.034375 0.08515625
1 0.2828125 0.0828125 0.07421875 0.090625