1 0.54921875 0.15859375 0.02421875 0.0546875
1 0.521875 0.10625 0.02578125 0.046875
1 0.55390625 0.09140625 0.02265625 0.04453125
1 0.49296875 0.14765625 0.0265625 0.0546875
1 0.4734375 0.15625 0.034375 0.05234375
1 0.69140625 0.22578125 0.02578125 0.06640625
1 0.70703125 0.23515625 0.028125 0.059375
1 0.72265625 0.25546875 0.0265625 0.06875
1 0.6671875 0.228125 0.02109375 0.06328125
1 0.72890625 0.1484375 0.021875 0.06015625
0 0.7234375 0.12265625 0.028125 0.0515625
1 0.809375 0.09140625 0.02421875 0.05859375