0 0.4216924570336905 0.27655400826503435 0.07136374491161739 0.08125130642076392
0 0.11672831806953847 0.33359113715847216 0.07012879353213637 0.08746493882958344
0 0.45296679047991867 0.2009175754193746 0.0621525192218769 0.08415810087368066
1 0.27669762381460505 0.7800991951947567 0.09248182835784542 0.15665134992375
1 0.3828689744465451 0.24312456563572882 0.04488313206674714 0.08219555737069442
0 0.3842986776350483 0.2009552494313191 0.056728034825709095 0.06998649810013893
0 0.381412695047903 0.16668935220486078 0.0530298247398008 0.05897626291777782
1 0.5232184147447496 0.1111088865897912 0.04390048620519007 0.0634455573706945
1 0.5399931569428336 0.10369577688239537 0.04233798620519007 0.06340918977951393
1 0.5598276221171244 0.17190026301468703 0.041266809135968606 0.07274782218833335
1 0.5804101170287417 0.09183090330729118 0.03608798620519007 0.06326371941479167
1 0.24469618781181368 0.3633851270904859 0.06404256784239584 0.09044446846486114
1 0.284215711217562 0.3835333197197914 0.07119332654882307 0.10777743882958335