1 0.38046875 0.36796875 0.04765625 0.15078125
1 0.31328125 0.30859375 0.06171875 0.12421875
1 0.31953125 0.11328125 0.04140625 0.08515625
1 0.64609375 0.253125 0.07734375 0.13203125
1 0.76953125 0.271875 0.06875 0.10625
1 0.12578125 0.7078125 0.08046875 0.26015625
1 0.496875 0.64140625 0.06640625 0.178125
0 0.48359375 0.09921875 0.04140625 0.109375
0 0.16953125 0.5578125 0.10859375 0.13359375
0 0.12421875 0.3421875 0.11953125 0.10859375
0 0.0359375 0.6578125 0.071875 0.17109375
1 0.25 0.11796875 0.03984375 0.10234375
1 0.26953125 0.0765625 0.03125 0.08125
1 0.29375 0.03125 0.04375 0.0625
1 0.5609375 0.16328125 0.03046875 0.140625
1 0.52734375 0.04296875 0.04296875 0.08515625