1 0.3908862100367435 0.6050447727164068 0.11662772037968576 0.25592383068109026
1 0.5904431996566203 0.5581714147437692 0.11835204646340927 0.22158519334818116
1 0.8022866250557715 0.6020230541056315 0.09868153361182799 0.16044769867918127
1 0.08587771646253416 0.6319499813414996 0.12744320357377184 0.17639996268299923
0 0.3217900642579063 0.30828740404199806 0.1568415434976597 0.20797722668681723
0 0.09965507908665396 0.375981792011454 0.16117621642535312 0.23770108935390813
0 0.22609024509426517 0.3743294800286351 0.1304116946765233 0.1342670066836355
0 0.8499972717860109 0.5080917881126312 0.1172352154367701 0.23250451201463562
0 0.7654312707974277 0.5024224961011772 0.14236254942915866 0.23592041335136288
0 0.5345645672608369 0.7199441614019514 0.1758462114824372 0.21444540268936246
1 0.07321323178557336 0.7044244180060452 0.09485619665368963 0.14322383601209038