1 0.6294885928524563 0.33876330195245996 0.045434516805913996 0.08042388555165916
0 0.6020148502668301 0.30411161242304124 0.04887785178688588 0.08829093262955982
0 0.6964917035365907 0.2079984971639215 0.06086851581733086 0.07600912094116259
0 0.2521594303048862 0.3258322483784422 0.07875635277546911 0.09349662986961631
0 0.059864500951402125 0.3893022333609085 0.0817540187830803 0.09042617694751698
0 0.775630127909978 0.564955834826901 0.08596135771838487 0.11704322402541756
0 0.33146090562748787 0.04652084943410242 0.038484179847775656 0.06312729139585782
1 0.8901993052862955 0.5122108900224767 0.069317685779275 0.0917704886359143
1 0.5779273873386991 0.12887583320204804 0.028918178859192522 0.058276150162155774
1 0.5646288912930318 0.11037129505260108 0.04317167984777566 0.06320911201270882
1 0.5485409762740038 0.10284516721157963 0.03086268083635879 0.0676784237011061
1 0.5128408982131141 0.07848609537691263 0.044797846843970035 0.06479888555165918
1 0.2994230439547702 0.1813594995962582 0.04087435079830275 0.0834670649348082
1 0.21993452072306557 0.2928248794658745 0.04855951680591399 0.08047843262955982
0 0.2844877465399589 0.01407436241974593 0.037274506920082204 0.02814872483949186
1 0.579531130344255 0.9516996785756653 0.06868101581733085 0.0761454886359143