1 0.6234375 0.49453125 0.08203125 0.13359375
1 0.81953125 0.48671875 0.11171875 0.15078125
1 0.70546875 0.27734375 0.075 0.13203125
1 0.48671875 0.2765625 0.04453125 0.11171875
1 0.46640625 0.21015625 0.03515625 0.0984375
1 0.24609375 0.13359375 0.04609375 0.1078125
0 0.09765625 0.3375 0.11171875 0.11875
0 0.58828125 0.9140625 0.140625 0.171875
1 0.31640625 0.046875 0.03984375 0.08125
1 0.35546875 0.04765625 0.04453125 0.09453125
1 0.47890625 0.09375 0.03203125 0.09453125
1 0.83359375 0.2984375 0.06796875 0.1078125
1 0.90703125 0.28203125 0.06328125 0.11171875
0 0.52578125 0.234375 0.04765625 0.12421875