0 0.6386128083264072 0.26561217411143845 0.05519151878308044 0.08996252678536117
0 0.5530798735357157 0.18110653490633136 0.04549818380210837 0.08198638555165916
0 0.3887454595052709 0.1964838932655922 0.04693334980971953 0.07888865909060953
0 0.6227914901513494 0.33781445657884257 0.057008686767857954 0.09623980032431154
0 0.4895093938388519 0.6739719192401745 0.08321835969555132 0.126363676947517
0 0.4571637619373602 0.839497507713933 0.09689885771838505 0.11723413879807013
0 0.5357490183631508 0.8686162175358912 0.0947925296574951 0.1421795917201692
0 0.26370701433445604 0.06341406899529323 0.0258568458553869 0.0597841030842551
1 0.5202090237259962 0.10349973214638779 0.03373301285158128 0.061482970779006774
1 0.5362796926993569 0.1141644967568844 0.03504084486680377 0.055260244317957154
1 0.4813229372621494 0.08932418385067113 0.03842051285158128 0.06156479139585782
1 0.4627811842963999 0.07557532954860005 0.03309634288963732 0.045857970779006794
1 0.21200259288963733 0.04164420901117928 0.027355678859192524 0.05824887662320544
1 0.39361598471414183 0.3160151432655922 0.043808349809719614 0.07883411201270887
1 0.478144835018153 0.3950656692401745 0.07056185079830275 0.0839852621748646
1 0.703664735739906 0.7108877179429284 0.06721135771838505 0.11671594155801372