0 0.5734375 0.3484375 0.05234375 0.0859375
0 0.3921875 0.3484375 0.0578125 0.0734375
0 0.2671875 0.37578125 0.059375 0.071875
0 0.525 0.1578125 0.0421875 0.0578125
0 0.565625 0.1265625 0.03359375 0.06953125
0 0.71328125 0.153125 0.03125 0.071875
0 0.74609375 0.10546875 0.034375 0.06796875
1 0.22421875 0.94765625 0.040625 0.10390625
1 0.78671875 0.3140625 0.04453125 0.0796875
1 0.54296875 0.06640625 0.02890625 0.04375
1 0.45390625 0.12890625 0.0296875 0.0515625
1 0.496875 0.13046875 0.02734375 0.04765625
1 0.4703125 0.11640625 0.02421875 0.04140625
0 0.678125 0.165625 0.03125 0.05703125
0 0.6859375 0.203125 0.028125 0.071875
1 0.72890625 0.19453125 0.02421875 0.07421875
1 0.7609375 0.12109375 0.021875 0.0609375