0 0.54609375 0.35859375 0.05703125 0.09375
0 0.4640625 0.37109375 0.05390625 0.0953125
0 0.5578125 0.084375 0.03125 0.0578125
0 0.784375 0.05703125 0.02890625 0.0421875
1 0.534375 0.47109375 0.04296875 0.10078125
1 0.67734375 0.25546875 0.03046875 0.08046875
1 0.596875 0.27265625 0.03046875 0.075
1 0.7328125 0.171875 0.025 0.07578125
1 0.75625 0.1390625 0.021875 0.06015625
1 0.79140625 0.08984375 0.01953125 0.05859375
1 0.76953125 0.1125 0.01796875 0.053125
1 0.52578125 0.2296875 0.03984375 0.0640625
1 0.45703125 0.128125 0.0359375 0.05625
1 0.47578125 0.1203125 0.0375 0.053125
1 0.496875 0.1015625 0.0390625 0.04765625
1 0.52734375 0.0859375 0.0203125 0.0515625