0 0.5132514554423586 0.803125 0.08590223201781733 0.13125
0 0.5004509160964046 0.71015625 0.07000451201463562 0.1078125
0 0.49132300612663055 0.9328125 0.09527723201781732 0.13125
0 0.8583435900699967 0.515625 0.06671588001272681 0.09375
0 0.963021999403224 0.51484375 0.07287497334499946 0.0859375
0 0.9336793973981333 0.47734375 0.0650079293443632 0.08125
0 0.2647812100174992 0.12890625 0.0353204293443631 0.08125
1 0.49787552068745355 0.153125 0.0335579346753633 0.0640625
1 0.5166800646880899 0.1578125 0.036701116008908664 0.065625
1 0.2686158293682257 0.25703125 0.03373974801081765 0.0796875
1 0.18318576468013575 0.09921875 0.027217028007636035 0.05625
1 0.43312213001272665 0.09375 0.03175907733927232 0.04375
1 0.460620421347863 0.10703125 0.034956802673454135 0.05
1 0.4274357513526355 0.1421875 0.02556362133990877 0.0484375