0 0.49765625 0.3546875 0.05703125 0.0734375
0 0.38828125 0.30390625 0.0515625 0.0796875
0 0.33203125 0.21640625 0.0453125 0.06796875
0 0.12265625 0.5015625 0.065625 0.09375
0 0.06015625 0.45546875 0.059375 0.0859375
0 0.634375 0.33046875 0.05234375 0.08984375
0 0.9328125 0.40703125 0.07578125 0.07578125
1 0.146875 0.875 0.0765625 0.14296875
1 0.25703125 0.87734375 0.06484375 0.14765625
1 0.36015625 0.77578125 0.053125 0.13828125
1 0.3671875 0.68671875 0.04453125 0.11796875
1 0.55 0.49609375 0.0484375 0.115625
1 0.4765625 0.12578125 0.0328125 0.05625
1 0.4921875 0.11640625 0.0265625 0.0625
1 0.53125 0.10234375 0.0234375 0.06328125
1 0.553125 0.14609375 0.02734375 0.0703125
1 0.53125 0.28828125 0.0328125 0.07578125
1 0.49453125 0.2671875 0.03359375 0.06171875
1 0.36328125 0.2671875 0.02109375 0.06953125
0 0.42109375 0.21953125 0.04609375 0.06640625
0 0.34921875 0.1953125 0.04296875 0.04453125
0 0.3546875 0.1625 0.03671875 0.04453125
1 0.503125 0.08515625 0.025 0.053125
1 0.57109375 0.26953125 0.03671875 0.0859375