1 0.3877525892789251 0.7103802326145934 0.07614538524403187 0.19774770401018138
1 0.4522099990180413 0.6432194572724573 0.09157039734428025 0.16355451734563572
1 0.34586455024770535 0.6280495379535476 0.10407948770335987 0.16526246801399935
1 0.47921181879086144 0.3155393526018666 0.06966812626704133 0.15861247867599956
1 0.25104591217500316 0.3111625772995016 0.11318177693097127 0.11849655601527206
1 0.7333725988450908 0.3563348859007318 0.0928238251355733 0.11044769867918128
1 0.8223714663315335 0.34436104988864147 0.08837267447164336 0.1510181546785449
1 0.54993234318775 0.11626551125877616 0.04908291549465282 0.11150112133990882
0 0.4898079094445286 0.12243424260027577 0.042860186571891744 0.116115896005727
1 0.5241238221105112 0.111878003262276 0.030287463699254856 0.10347044533736346
1 0.26721074677854617 0.13518133263050167 0.042760192622015934 0.098928396005727
0 0.643361198082965 0.46285815324636764 0.09779312626704133 0.15893974267981753
0 0.9297026981811609 0.3946781285407785 0.10552381303532457 0.1449681493475449
1 0.8968214996072167 0.24895709587846016 0.06464428298109581 0.1007454346753632
1 0.26220508421075955 0.080548376631138 0.04727497579950315 0.06929544000636334
1 0.2955397589769905 0.0358954973146145 0.03948065651766246 0.071790994629229
0 0.6877531101597723 0.8412735072406405 0.14174311416679294 0.1938238200190902