1 0.2574968816592132 0.38602944535249045 0.12480289406758578 0.13192268657189174
1 0.5389593211514374 0.19461969193464487 0.05227233020561535 0.12212953005422929
1 0.4907731934274967 0.21309698116225634 0.045366766343644824 0.11271816861791084
0 0.13897148474163584 0.5721345961146163 0.14141123986054138 0.14607609016268785
0 0.16884928092257903 0.29016243344863374 0.10096120248167453 0.10367042154477701
0 0.4052681101197882 0.46348280054229296 0.11855289406758569 0.1318863251355733
0 0.5826118601197882 0.4645145562978296 0.11005197921687966 0.14433178298109545
0 0.8958220543035894 0.45617637811375306 0.11037976114786474 0.14901928298109546
1 0.2548353294493107 0.09996013514583597 0.05030563861970414 0.09400453005422929
1 0.2961944868353228 0.737960104895215 0.09886310694082043 0.16300906010845856
1 0.24989827706418125 0.639994782686508 0.10166032500983527 0.15833974082661778
1 0.854356912077589 0.825616724522957 0.16317697921687965 0.1446408551898024
1 0.8679498824923926 0.9218286491909919 0.13795845792955602 0.14137040944452864
1 0.4883751770838517 0.325628797419035 0.09136768119435104 0.10049087939029935
1 0.6483675361183592 0.3289043092246958 0.08286676634364483 0.11293633723582168