0 0.225 0.40703125 0.0703125 0.1078125
0 0.30859375 0.37265625 0.06171875 0.10546875
0 0.51640625 0.8953125 0.08125 0.13203125
0 0.56640625 0.8578125 0.09296875 0.1421875
0 0.64140625 0.17578125 0.03671875 0.08125
1 0.3171875 0.52421875 0.0671875 0.0875
1 0.12265625 0.60078125 0.0625 0.11796875
1 0.55 0.08203125 0.02421875 0.05
1 0.559375 0.04609375 0.021875 0.04609375
1 0.49375 0.11171875 0.028125 0.06015625
1 0.5015625 0.08671875 0.02890625 0.0484375
1 0.4703125 0.12109375 0.02734375 0.05078125
0 0.69921875 0.07578125 0.03125 0.06015625
1 0.690625 0.228125 0.0328125 0.07421875