0 0.8779812420865423 0.6490542245229569 0.15619020352718743 0.2680147226762452
0 0.8262063008838265 0.8019246944687277 0.16892257688750761 0.3321317648307229
0 0.6275441508383981 0.7155866977883774 0.14516417231952303 0.2960669998036082
0 0.6106443351437087 0.5310571616840238 0.14476138059640906 0.258576090162688
0 0.48019219527504553 0.6045395925985748 0.15971799525030156 0.30552381303532494
0 0.13187860527009676 0.42120790036934236 0.1751172659425165 0.21189198770335976
0 0.38176017582602606 0.26089361084714324 0.11600121551297526 0.1568772347764936
0 0.5111334153105764 0.32729129136891083 0.1433006999091429 0.17109427088084708
0 0.6272840377663852 0.28811113758172285 0.12957239258219672 0.14758404800821018
0 0.7106254822484612 0.2635883814334028 0.11074050542706697 0.14591246369925476
1 0.17483855269284887 0.7496828791939076 0.14309706128367514 0.3460397287263694