1 0.5186774676079751 0.638375988064906 0.11313795496493206 0.15744996801399935
1 0.4379781801310463 0.646024308720543 0.12375408235511323 0.20129087468172652
1 0.40008245218715494 0.39576977005090674 0.10200019586563354 0.15419769867918126
0 0.6752281423495757 0.12105377009067766 0.09893575262089378 0.1307420173456358
0 0.8724278215577715 0.4207826921148584 0.14388730721668566 0.15000109468490824
0 0.5772454433923981 0.9276090213637713 0.14867493676633484 0.14478195727245727
0 0.4615766525286086 0.10061235872849714 0.04657221622369896 0.11764203333863614
1 0.3903896722683654 0.25669817938413403 0.08054669802510173 0.11179202267663584
1 0.3047117905592477 0.2962959340388164 0.07882351172019231 0.13363066000954502
1 0.1622017203857522 0.3992471166852264 0.09571062307124434 0.12914315467854492
1 0.09767004857881219 0.3180874760104995 0.06684514342930994 0.0928965720082724
1 0.16425677128091626 0.30949427335295365 0.057670402528608555 0.09591248400699967
1 0.22809922578442307 0.2946237986950896 0.06860790252860856 0.09603975334181776