0 0.3235624892574078 0.3583836299794746 0.148568054047586 0.15238063231716562
0 0.49259577227409457 0.37771891637841565 0.13064356965141818 0.1382181383672898
0 0.135315538782438 0.3899568586076481 0.14733310266810493 0.158621541958086
0 0.18607353459856646 0.4935994881943392 0.1490527329258297 0.191434041958086
0 0.30064612618539494 0.7859910003927835 0.1316948145630355 0.21788745764913048
0 0.4354272399347764 0.8078700246914762 0.1257657191310198 0.2537795058537323
0 0.5573431835123412 0.807942226683266 0.13735831637205784 0.26634313836728973
0 0.7681623383074682 0.41675310353948253 0.1498030054270668 0.14613972267624523
1 0.766597679782755 0.06119955777076754 0.1019453595655099 0.12239911554153508
1 0.959979187584671 0.05355016335335354 0.0637083751693421 0.10710032670670708
1 0.3868934854122205 0.6870217143866257 0.08424660447712728 0.20667724687674216
1 0.629698461101961 0.6824831635497453 0.1012703301668676 0.2036522408266178