0 0.3408033037637468 0.2952734006206385 0.06461701190385671 0.0960579346753633
0 0.4082039063212707 0.19682626261141162 0.05519656010845857 0.08813634667409058
0 0.572970388269094 0.1816268819223672 0.05516928903121965 0.08344884667409058
0 0.37089077956324995 0.36367795528327507 0.06777837334017515 0.10234429734245412
0 0.570328739942855 0.6676280165897762 0.09765677088084708 0.13550224267981753
0 0.6353002758508168 0.8231325819144131 0.11012040944452864 0.12939769334818116
0 0.5644519655459665 0.8661473325907307 0.11026585518980259 0.15439769334818115
0 0.6689545330792914 0.02940322628900204 0.03161361436318479 0.05880645257800408
1 0.42491416246959074 0.11459501794241174 0.03944429508134384 0.06607953333863614
1 0.41092893052176754 0.12803989994432075 0.040970433645025395 0.05984771467218155
1 0.4599522378015557 0.09387343793763922 0.04569429508134384 0.0661522586728179
1 0.4754772438516799 0.07650412460218478 0.03778180113146803 0.04887385200509069
1 0.7149482891294155 0.013905221952593088 0.03302157825883114 0.027810443905186177
1 0.5924067103796051 0.29937745591982184 0.052053379390299345 0.08497498400699968
1 0.5249742915653025 0.3923558439290487 0.07866133118569749 0.0930965666772722
1 0.3668451916400573 0.7426569306174569 0.0804056383672898 0.12436474801081765