0 0.49741113922254243 0.2584535586012303 0.06161931043863902 0.09284202800763604
0 0.7234059498729432 0.1252666992361863 0.03966871572854593 0.06448067067154524
0 0.4526754918957307 0.2151944546069573 0.04086719468185844 0.05824885200509069
1 0.49198164462538874 0.11154219593413939 0.030839747298576903 0.07374658267027256
1 0.49893729991529534 0.08331719859963946 0.02533319994353036 0.05962953866963623
1 0.5527980472844595 0.0819086925923216 0.023679694681858442 0.058048857336090776
1 0.5283895814853266 0.09235584392904872 0.028731215728545933 0.06435340133672711
1 0.47681167093374793 0.11953650926959385 0.0441742052052021 0.06141021467218155
1 0.37502790500755806 0.26456829328454773 0.0347992052052021 0.06130112667090888
0 0.37367053135826955 0.227840452617775 0.052168715728545756 0.06462612133990878
0 0.39041071032569963 0.20653761728200237 0.04840667889684287 0.053652258672817865