0 0.70234375 0.2578125 0.0359375 0.0734375
0 0.6546875 0.309375 0.04921875 0.06796875
0 0.67734375 0.890625 0.0796875 0.12734375
0 0.06015625 0.4 0.0578125 0.08515625
1 0.35859375 0.78125 0.0515625 0.14140625
1 0.21640625 0.86484375 0.059375 0.1578125
1 0.2171875 0.725 0.059375 0.09609375
1 0.540625 0.51171875 0.05078125 0.11484375
1 0.6125 0.44609375 0.0453125 0.1046875
1 0.4515625 0.6078125 0.04921875 0.1234375
1 0.49375 0.2125 0.034375 0.06484375
1 0.46953125 0.16015625 0.0234375 0.05390625
1 0.55390625 0.14609375 0.0296875 0.05703125
1 0.53203125 0.1375 0.02578125 0.0515625
1 0.5546875 0.090625 0.02890625 0.0484375
1 0.5265625 0.1015625 0.0328125 0.04296875