0 0.7599179010261805 0.10650140476914656 0.03277743882958326 0.06580680718159235
0 0.8356445996394097 0.1084042723537851 0.04229790919430556 0.07211134933607007
0 0.09783090264170109 0.361100605582586 0.07089568787965286 0.09258747579950324
1 0.24975315929121483 0.5461290696746243 0.096295731382639 0.10992042154477702
0 0.0858172926499648 0.5752040121984443 0.08350479065319452 0.09734769867214013
0 0.3673998266536456 0.29079160900043155 0.050364982332569495 0.0830943011314682
1 0.2605127405976039 0.35234270823830577 0.05534342306201392 0.09562157220870696
1 0.5081371954790971 0.11733995258096501 0.035720600873680654 0.05801248789975157
1 0.5294673348217708 0.10706098273339015 0.027653527735416718 0.047029536104353474
1 0.5574657014630209 0.07877690144949685 0.031105836056041624 0.06111021682251274
1 0.48680574971565954 0.1947973320694602 0.046912674011944586 0.0690136204133089
1 0.43778571504638875 0.25366833802138855 0.04665810087368065 0.058076120413308896
1 0.41634712614055536 0.23504560304850322 0.038663762917777865 0.05021816861791084
1 0.7379130016155206 0.246454239078102 0.03757404160312507 0.07052157825883114
1 0.7250499789140971 0.2285627571302787 0.03597517401194459 0.06894998789975162
1 0.7192727575994443 0.20828661856659716 0.03753767401194459 0.06895907825883114
1 0.6766676835112498 0.19291160344128666 0.032886541603125076 0.07049430718159236
1 0.6910750224170832 0.21157524503003033 0.028053571238402776 0.06421703610435348
1 0.7806284848980207 0.18996334456249211 0.029361498100139015 0.05328862646343309
1 0.7497778751906248 0.20654685656454466 0.026272865691319324 0.054832945745273864
0 0.7819552487657291 0.1665212993829523 0.04495013050895835 0.05181703005422929
1 0.12697158235322878 0.4515437984009936 0.07681837955902786 0.07856133723582168