0 0.5561303701458089 0.5279718522767715 0.07559838217054296 0.13242276217486476
0 0.6229383359080826 0.5814320430240063 0.07287390036914018 0.13861821509696384
0 0.4382338664451811 0.6385020235422456 0.09072273442229636 0.12488299756436802
0 0.3459801079641912 0.835986724028713 0.09631140036914018 0.13902731818121908
0 0.4247466556201528 0.8611446367727705 0.11666347316352947 0.16435460064862326
1 0.7378789088593554 0.9188893583658515 0.09767364126984149 0.1359295917201692
1 0.5324842281007749 0.10542074229265755 0.036717552436323506 0.06151024431795715
1 0.5035174213455147 0.08251507630218917 0.03571625693983034 0.04588524431795715
1 0.4846765862126244 0.047727019078018754 0.039141645588778216 0.050627291395857824
1 0.5598885348560352 0.12835368182207624 0.04276729333702498 0.05849433847375849
1 0.5490208860280543 0.1152769833642038 0.039341904688076926 0.05375229139585782