1 0.2421875 0.613755606699544 0.0875 0.1760181546785448
1 0.31484375 0.6224135387094071 0.084375 0.19941929201145392
1 0.6125 0.3461895827498144 0.103125 0.16057496801399934
0 0.33515625 0.15546239604549789 0.06875 0.11329997867599957
1 0.5734375 0.19964129941117825 0.0515625 0.10841248400699968
1 0.52578125 0.21705551873804216 0.053125 0.14593066534054513
1 0.79765625 0.31318782077494955 0.0640625 0.0991829346753633
1 0.7203125 0.29197534476445003 0.075 0.11337270401018137
1 0.8578125 0.43263780211644925 0.0875 0.147893154678545
1 0.7796875 0.547353735439177 0.1078125 0.14500451201463563
1 0.88515625 0.8665497254534944 0.14375 0.15479768268618094
1 0.4125 0.8883936220559974 0.1609375 0.18937267735518085