1 0.2788637832683675 0.38402320070813445 0.09969363342392405 0.13074201734563573
1 0.303852711612727 0.3397464893777707 0.10899222376899793 0.1074317866804539
1 0.6183094234775555 0.6061191134229504 0.12156863342392406 0.13099655601527188
0 0.47206212621133153 0.42771120806808777 0.10522236758448215 0.16515338001272664
0 0.09247281519935273 0.3771630313494538 0.10885011213660052 0.12772610534690845
0 0.061233522876807334 0.30955736067790857 0.10761539406758576 0.13239542401336307
0 0.8193806145592637 0.72730541211804 0.14017652179152656 0.15150905068427195
0 0.8470253772966124 0.8910411954566761 0.171754303722512 0.15656017735518085
1 0.26032050494367853 0.11249309870304378 0.04918018119435104 0.100490896005727
1 0.3091129200464862 0.052073766709088955 0.03802415990702759 0.0972386266709089
1 0.34877635358662573 0.04393455004772508 0.033697292826748534 0.080014764003818