1 0.3446079887707846 0.7373080606976338 0.12029563140062187 0.1881363251355733
1 0.6557318734375269 0.25564795277735675 0.07657645250377901 0.13477497579950315
0 0.41243617072198646 0.34537456987101595 0.09597889988706054 0.11926815046753828
0 0.369559155007558 0.2666910336684666 0.07666745776545092 0.13633747579950323
1 0.3142254548522663 0.4303495335702707 0.106263952503779 0.13494769262201595
0 0.30659569439950973 0.35302396428842997 0.10195588410204497 0.11461701190385672
0 0.21116907331047002 0.39187336173090603 0.1058999314570916 0.12869769262201594
0 0.08068564178279125 0.3387079759958949 0.10286593671876347 0.1302420119038567
0 0.18383011249066022 0.700730732144215 0.15853908404557523 0.17430108411256384
1 0.25191038147120903 0.11185406362450001 0.04461382096198276 0.09553975897699045
1 0.27407380780780316 0.08984270823830576 0.04737479991529536 0.08930793969514968
1 0.2941364078501555 0.045179648031651296 0.03313028939195171 0.08610112646343313
1 0.5200002288121383 0.1392104074014252 0.03853042093374803 0.12518180718159236
1 0.5350645157144284 0.07582007309246978 0.02780575256024882 0.07513635538619426
1 0.5585845866764112 0.1710280339630542 0.03247784200867017 0.10171703610435348
1 0.7895909339467533 0.27284402225558924 0.09029034200867017 0.10205337939029935
1 0.9098201339608707 0.25729576942691884 0.07880681043863902 0.09261474687674207
1 0.7216298892225426 0.25995365769601275 0.06758088410204496 0.1144170240041051