0 0.14140625 0.440625 0.05703125 0.1
0 0.16953125 0.675 0.08828125 0.0921875
0 0.65234375 0.18984375 0.0296875 0.0703125
0 0.6859375 0.1765625 0.0234375 0.0671875
1 0.7375 0.2234375 0.02578125 0.07734375
1 0.74765625 0.1828125 0.025 0.0640625
1 0.7828125 0.1609375 0.0234375 0.06015625
1 0.5125 0.1375 0.02421875 0.059375
1 0.409375 0.6921875 0.06171875 0.1296875
1 0.76328125 0.1625 0.01796875 0.05859375
1 0.7015625 0.21796875 0.03359375 0.0625
0 0.7125 0.18984375 0.03046875 0.05859375
0 0.73828125 0.103125 0.0328125 0.046875
1 0.48515625 0.14609375 0.03046875 0.04296875
1 0.4625 0.16640625 0.0359375 0.05390625
1 0.54140625 0.12734375 0.03359375 0.05625