0 0.40404757142206116 0.3466378518697344 0.060922631032858734 0.09007162094116258
0 0.5849528310407079 0.3309877581209701 0.06517362141421187 0.07765344155801354
0 0.7108605666127378 0.34752860146599257 0.06673612141421188 0.07768071509696392
0 0.44596972051108724 0.15227419724335176 0.04900298439090349 0.061755706168510206
0 0.4039831171530427 0.1248992195644861 0.041572430307219396 0.07255683847375849
0 0.2573883701482676 0.16415440868686773 0.038501994009550164 0.07406479139585782
0 0.22303321751586241 0.11946920008272555 0.04151786660488845 0.0709943384737585
1 0.7738664426666371 0.9132706039016245 0.05214783175849824 0.10709547970746058
1 0.18910461770119685 0.3308703502448813 0.052891876223535396 0.08368525324641088
1 0.4241071333951115 0.06286682386655719 0.03283234736759475 0.045857970779006794
1 0.5158928401112007 0.11748041152953678 0.034667665879248945 0.05369774431795715
1 0.47276039900420813 0.12291793385067114 0.03299603847458741 0.05054547077900682
1 0.4990872860275166 0.10684292045799053 0.028090283665263983 0.04421365016215577
0 0.292971206083117 0.17368336729100992 0.03644842068857255 0.05997501785690744
0 0.286165645376011 0.2120600746773361 0.03537699400955026 0.07401024431795715
1 0.24263390018533446 0.20657373376794558 0.03230655771188111 0.07551819724005648
1 0.20839779864138838 0.1361209119332786 0.02874504809323426 0.06296365016215577