1 0.6223524588485588 0.3625 0.11723465756743252 0.16875
1 0.45304168672265244 0.40078125 0.1074572431755744 0.1265625
1 0.3762309377561097 0.49609375 0.08572779238978612 0.1296875
0 0.22999379259467395 0.5265625 0.14917386228216234 0.15
0 0.08387861786373359 0.47578125 0.12947779238978616 0.1296875
0 0.08508586103930801 0.60234375 0.11392556699689202 0.13125
0 0.119225304795783 0.32890625 0.11366870181924557 0.0921875
0 0.9119094185256873 0.4234375 0.12439218610347993 0.1546875
1 0.7599722752262783 0.24765625 0.08241870181924575 0.0921875
1 0.6207278387085138 0.24375 0.08848891935425698 0.121875
1 0.4823866226212445 0.15859375 0.03986732878371626 0.084375
1 0.5287714710496679 0.16484375 0.05106169396136266 0.1234375
1 0.21750648531769157 0.1578125 0.046044554176610394 0.0828125
1 0.22840544396136275 0.1234375 0.05949062406898662 0.103125
1 0.6926028387085138 0.24375 0.08074919396136267 0.1234375