0 0.5484375 0.2734375 0.05 0.0734375
0 0.4390625 0.25546875 0.046875 0.06953125
0 0.27109375 0.59296875 0.0625 0.09765625
0 0.31328125 0.68828125 0.08125 0.10546875
0 0.0984375 0.4640625 0.06484375 0.0859375
1 0.721875 0.21796875 0.0296875 0.0734375
1 0.7046875 0.1984375 0.03203125 0.071875
1 0.471875 0.12265625 0.034375 0.05390625
1 0.490625 0.1140625 0.0265625 0.0625
1 0.53359375 0.0890625 0.0359375 0.0484375
1 0.5625 0.08359375 0.02265625 0.06484375
1 0.35859375 0.27421875 0.02734375 0.0734375