0 0.35356528216613425 0.5515106927116343 0.07894735376405233 0.09774770401018137
0 0.6222383918245045 0.28445265141626896 0.065747016805914 0.08041475334181776
0 0.1496192228883248 0.6631459846833174 0.08902269072219057 0.11504429201145391
0 0.07274370509382766 0.5779164620066816 0.0889590237259962 0.11348179201145392
1 0.6786382890490354 0.19296513275776855 0.04549818380210837 0.08174089600572701
1 0.4694131862735663 0.09838678739654254 0.04428851087441501 0.052053396005727004
1 0.4065550420147849 0.20385499005408841 0.04916701186299814 0.056795440006363315
1 0.4165401956651065 0.14228169072245198 0.046615014828747546 0.07082157733927245
1 0.4299023587069682 0.12525782272436098 0.041736513840164594 0.06607953333863614
1 0.43516552026595506 0.10111179805854276 0.04017401384016441 0.0660613520050907
1 0.6430881082126765 0.12539582475331418 0.03373301285158128 0.06130112667090888