0 0.45546342695081227 0.4004342537124332 0.05815914772652384 0.10970225292686635
0 0.42200604464556396 0.39281719643264496 0.0575591298696164 0.07532725292686618
0 0.38789014326559224 0.3781734343323965 0.06531708279171564 0.07224770472226431
0 0.3608151745151803 0.3181808107958296 0.0622466298696164 0.0753545240041051
0 0.30200896469322214 0.24118703962039492 0.054461403408566686 0.07687157220870695
1 0.6445316554404569 0.30949966062287904 0.04368754464226861 0.08618293969514967
0 0.6646316956184987 0.23204682631392362 0.0532261858759707 0.09561248184962734
1 0.28254098093186714 0.953727946236253 0.06249209172016936 0.08941702400410492
1 0.23963646063932761 0.9055449762904825 0.07770008035608367 0.15512383723582168
1 0.1912944180256538 0.9003580274219505 0.082333033278183 0.1520261083130606
1 0.2734814009795253 0.8014523739293503 0.07591939204448099 0.14261474687674217
1 0.3196490633165457 0.7074432986955813 0.08186938311602728 0.1254636083130606
1 0.4957417792242885 0.5095638140172835 0.056542100648623084 0.10656816256778648
1 0.491899758931749 0.46115358509452237 0.03908186525911965 0.09084316861791084
1 0.3333235998411396 0.5058217113615637 0.06597164772652384 0.10974770472226432
1 0.5864679651002592 0.41373316354974526 0.0516636858759707 0.09560339149054772
1 0.57523618466145 0.3411496364223822 0.03902731818121907 0.08771816861791085
0 0.7445488409093904 0.039413898719022344 0.035465941558013546 0.06269998789975159
0 0.3835862471606262 0.2219643409482548 0.0463216209411625 0.058076120413308986
0 0.2558567134754061 0.20005350039278347 0.04629434740221221 0.056513620413308895
0 0.28899649594281024 0.1811126028521115 0.04481366801906326 0.06119203005422928
1 0.4321522065755473 0.12481663017586628 0.033685253246410876 0.050190897540671964
1 0.44730960227347616 0.10676152176460989 0.028970479707460584 0.048601126463433085
1 0.4679942491892211 0.13007630191703506 0.03842730032431163 0.053343168617910844
1 0.48900222443245484 0.09011437724900004 0.03225912094116268 0.057994307181592354
1 0.46240099391421535 0.27150073263519425 0.040589818181219074 0.08772725897699037
1 0.6339738051955756 0.10880022385459558 0.029215941558013724 0.06266362646343313