0 0.7578125 0.1546875 0.03359375 0.071875
0 0.67109375 0.11796875 0.03203125 0.0640625
0 0.6953125 0.0875 0.0296875 0.0515625
1 0.4921875 0.1078125 0.01953125 0.04375
1 0.475 0.121875 0.03515625 0.05390625
1 0.45703125 0.12890625 0.02890625 0.05
1 0.69453125 0.25234375 0.05 0.06171875
1 0.684375 0.21640625 0.021875 0.06171875
1 0.7953125 0.09140625 0.02109375 0.05390625
1 0.37734375 0.3296875 0.0234375 0.06328125
0 0.403125 0.29453125 0.0265625 0.07890625
0 0.3578125 0.29765625 0.0421875 0.08359375
1 0.5515625 0.075 0.03125 0.0421875
1 0.2703125 0.65703125 0.07109375 0.0921875