1 0.6484562880714554 0.6476315833269968 0.14717183135366607 0.22581813231716552
1 0.5712740109535666 0.7221952460911751 0.12387072367353405 0.23036927693097126
1 0.2743956285963215 0.3446231953524904 0.08962009263643722 0.12706246974937896
1 0.329089140274804 0.29102601756119745 0.0817621285298145 0.1254545179539809
1 0.40792719411487 0.29382883069471816 0.07936455423577744 0.15043633723582167
1 0.4065669340857401 0.20630610479701908 0.04964831050398359 0.0955852107723885
1 0.4429075993668617 0.24636802341492992 0.06554609514371953 0.1050511143631847
1 0.7021030914493029 0.3346094085607659 0.10956887978345567 0.11468064441741399
1 0.7486227387837359 0.3739491645126942 0.12712009263643723 0.1272806383672897
1 0.738916432832099 0.19730030610143784 0.10483591567683312 0.11309087334017516
1 0.6835051702956866 0.08758441763595218 0.06724498746358769 0.10974770472226433
0 0.8110294620615587 0.29695539333725945 0.12127926959604132 0.14130677693097127
0 0.4045845484297896 0.11331008371978021 0.06439277210332364 0.1191045240041051
1 0.45906483062875025 0.5504197191602038 0.1127848079967011 0.1178238251355733
1 0.09994955806320809 0.35142212031511305 0.08654055674305985 0.12860678903121964
1 0.04215979011651942 0.3503045270291672 0.06853470282385159 0.10038179508134401
1 0.7030722095542762 0.27444861338122606 0.08411423871722903 0.09891019867214013
1 0.6587695947480082 0.051496926711138494 0.0429891335443795 0.08148634933607006
1 0.626343539654301 0.03802477917046652 0.05043792069139794 0.06903180113146815
0 0.055946876155546034 0.7895215631335206 0.10638169530200421 0.16621587334017535