1 0.22733986654127145 0.6298671239656379 0.07875103558899425 0.16958634134309047
1 0.2999324495450771 0.6305841919557748 0.07664470752810448 0.19454997867599957
1 0.5842225138029834 0.3227331399188674 0.09686436562705047 0.1541795173456358
0 0.29865638140720013 0.16363304929186556 0.06376802273741297 0.10850339067472689
1 0.538453710456673 0.18114562392586703 0.04795202174882984 0.1036340773392725
1 0.49221803901185435 0.20432913259868496 0.04648236364988403 0.1442227146721816
1 0.7683229411793011 0.26983376456082303 0.060070019771663395 0.09440452800763603
1 0.6899896941450507 0.256689421904868 0.07001802273741298 0.10857611600890867
1 0.8340514174533048 0.38151560455127803 0.0807300296574951 0.14149770401018139
1 0.7610848082520452 0.5049627425605049 0.10241402866891214 0.13706474267981755
1 0.8813867434998471 0.810448579209142 0.1369800296574951 0.14215223201781732
1 0.40983539566729404 0.8846529792727755 0.15400570357377194 0.17670904535327167