0 0.8665807348837216 0.30517587344840374 0.12031010487264737 0.12318405601527208
1 0.8164422301033596 0.21715770544235863 0.0692086798265045 0.10541475334181775
1 0.9240916486710973 0.3620531294557216 0.10624760487264702 0.123020424013363
1 0.6803905158822454 0.4208901380887687 0.10226101172019231 0.13390338001272664
1 0.6246690468807692 0.5381225440801781 0.10648743676633483 0.15112724267981753
1 0.5352072262458483 0.46994416140195144 0.09561049352159508 0.127580654678545
1 0.5549201465116289 0.39991347207190575 0.09514941856773759 0.14474997334499945
0 0.17754013031561644 0.7116925726845901 0.15889054595791854 0.18920904535327168
0 0.2997296036360294 0.5109215080362711 0.14488860271317866 0.1656260946849084
0 0.5044986443521606 0.44148280673136064 0.11678458667404978 0.11689769334818116
1 0.765622604872647 0.13069294676954074 0.04613212523071262 0.08641021467218155
1 0.7461321252307126 0.09455545210054082 0.042646179826504496 0.10510567067154522
1 0.6891917103636029 0.05876285542645025 0.06830751387966068 0.0913522533418178
1 0.4726631492894061 0.16397542472945167 0.039060104872647015 0.12223862667090887