0 0.5437670866486373 0.1328125 0.038263616008908666 0.065625
0 0.5377250772995016 0.24921875 0.04769316000954511 0.0703125
0 0.6627790739576838 0.31171875 0.06032042934436319 0.08125
0 0.7716359059516386 0.35625 0.06186474801081765 0.0796875
0 0.6837290153166826 0.12265625 0.03197725334181776 0.0625
0 0.7668500506445011 0.16328125 0.04296929734245421 0.0671875
1 0.3829370326225475 0.325 0.035338610677908555 0.0828125
0 0.40979043395927467 0.3 0.047893154678545005 0.0875
0 0.0902120885980486 0.50546875 0.07630905601527202 0.1125
0 0.7074665073201825 0.096875 0.030287484006999675 0.0515625
1 0.47271878998250083 0.12890625 0.039662484006999676 0.0515625
1 0.4814216279837735 0.11953125 0.025654528007635947 0.05625
1 0.5026062846515007 0.11171875 0.028852253341817756 0.0625
1 0.5717835459898186 0.075 0.031922709341181486 0.0578125
1 0.5357096859882278 0.08671875 0.036428396005727136 0.0421875
1 0.6934120033020468 0.23046875 0.02750792934436319 0.08125
1 0.7350182479710468 0.21328125 0.02894316000954511 0.0703125