0 0.5678017349914433 0.8067649190748606 0.09394596302712266 0.13950021751493083
0 0.3491805376081618 0.7962495656357289 0.08476838410204497 0.11588087955902786
0 0.1212914850620305 0.8912756973789581 0.09972552616718491 0.1583593202884721
0 0.6463678087960235 0.9313272015599299 0.10756884727034208 0.10548889342673604
1 0.4903233501835267 0.18129475323104124 0.03407116311182747 0.04916485182361115
1 0.46134848172532283 0.14295960505465238 0.024878173635170954 0.052071646276527786
1 0.48142576329535397 0.13313001016489542 0.026349668373499214 0.05054551386770836
1 0.5227333027578929 0.12046570279420095 0.030855157850155378 0.047529616641250036
1 0.5402925290803695 0.12707872549562454 0.030582142065139806 0.04284211664125
1 0.5501904448230327 0.07769632133531204 0.03361613680346807 0.04135235182361115
1 0.33535658717052136 0.3370388730064233 0.051061242036905076 0.07296602773541672
1 0.5159141553604939 0.090196974545694 0.024423147326811723 0.04425914627652781