0 0.5619276611224997 0.34278940447455897 0.056214818181219074 0.08781816256778666
0 0.38056856696669833 0.3500938861277946 0.06224662986961631 0.0753545240041051
0 0.2565855961876915 0.3820620244950844 0.06378185633066594 0.0738011143631847
0 0.5105402593354909 0.15404506704234558 0.04478639448011279 0.05962953005422929
0 0.5501755036534479 0.12100530806535512 0.03716480925276535 0.07052157825883124
0 0.6982311741081432 0.14201672395279147 0.03565685633066593 0.07363748789975162
0 0.7303402905850789 0.09261616677119909 0.03870003571381488 0.06896816861791082
1 0.2224392780097678 0.9509529250608185 0.0454136858759707 0.09556703005422947
1 0.774382796674159 0.29937016081927076 0.04829322402541756 0.08152271077238851
1 0.5269931481335609 0.0617712086310892 0.030478432629560005 0.04548521682251274
1 0.43834765949764665 0.1279052687395478 0.03217730032431163 0.05330680718159235
1 0.48131640949764665 0.1276552838648583 0.030532979707460585 0.04861021682251274
1 0.4549720978092493 0.11530981996921182 0.02573638555165907 0.04233294574527391
0 0.6636243490270652 0.15549796185254303 0.03382162094116268 0.058003397540672005
0 0.6723447840922572 0.19294341969806533 0.03253185633066593 0.07361930718159235
1 0.7147095620954345 0.18254173000291565 0.027871629869616398 0.07515453610435348
1 0.7456925551955755 0.10815026318040293 0.024501168019063258 0.061073855386194253