0 0.6796862522592482 0.9168734912476403 0.11419305404758581 0.15279883068109043
0 0.7200812059020367 0.10653488056973173 0.03625176051544958 0.06600680800445433
0 0.4011165219354103 0.15089614461332063 0.06166119629109836 0.07411020934118144
1 0.507826867367426 0.11369504193191222 0.03255355042954129 0.05503294533736347
1 0.5277299315917773 0.10564618459582145 0.03748671189493073 0.05977498933799978
1 0.5422494549975256 0.084370621260367 0.042256099050060315 0.06139203333863612
1 0.588960680687266 0.08070018125400366 0.03387038896415202 0.0503636266709089
1 0.5994135018090223 0.04149223058564009 0.03198034034363317 0.04409544533736345
1 0.741687290252776 0.20556272656750454 0.041103034825709095 0.06918635200509068
0 0.74401667288535 0.08593147923300462 0.03781426051544958 0.06602498933799979
1 0.18326943916655075 0.5286597073122282 0.07670634215265534 0.0930238413430903
0 0.06667068012143922 0.2876812659930003 0.07102955223856364 0.10388861600890867