1 0.6244665699901024 0.3554547332511401 0.11821881275401332 0.17002269334818115
1 0.4553790552907813 0.39572683927436636 0.10819535956551007 0.12774428668045398
1 0.3791241717536963 0.4919847686187294 0.0864841338757694 0.13061474801081766
0 0.23306472127872638 0.524171654638774 0.15004866689245616 0.15165450135263542
0 0.08665338873700945 0.47506308732495495 0.1302341338757694 0.13112382535009015
0 0.08859874830251935 0.6016801313255913 0.11469102103089916 0.13250451201463562
0 0.12114349615481276 0.3276971913192279 0.11420634215265535 0.09346019334818116
0 0.9143789190401627 0.41305595854555105 0.12529432835784532 0.15605110001590833
1 0.7614166140880656 0.23894739123173192 0.08295634215265527 0.09309656667727229
1 0.6221493962002412 0.23665927991727656 0.08919969810012063 0.12283861067790855
1 0.4833115462456698 0.1530666246021848 0.040359406377006656 0.08479317067154524
1 0.5297328448661889 0.15878027526259417 0.05178158525525038 0.1239647586728179
1 0.21842685266810494 0.15536711063813768 0.0465275192218769 0.083303396005727
1 0.2291253352552504 0.12084665996977413 0.06009205223856364 0.10376134667409058
1 0.6940243962002413 0.23582293857418604 0.08146908525525039 0.12431020401018138