0 0.2696681262670414 0.1515572743169442 0.04572156615858276 0.07136716014423614
0 0.19178856596219107 0.19556315387597206 0.03476588544042358 0.06798758700597225
0 0.05531175223949518 0.5089379356954513 0.08965337334017516 0.1036354526972918
0 0.5027851532962085 0.19848225323104124 0.055205650467538094 0.0903353656913195
0 0.5567823068870048 0.21285257133531205 0.044222698672140126 0.08226829255305557
1 0.7806157583878153 0.4100139395920827 0.06926815046753827 0.09066267401194458
1 0.8925981288011242 0.4527261568226729 0.08476588544042371 0.06915134992375016
1 0.8814333698241338 0.41391822996093675 0.07381929508134419 0.06733427678548623
1 0.9629777647325269 0.45183449762836725 0.07404447053494607 0.08459451196784737
1 0.2717987737095175 0.24917715672576363 0.03164088544042354 0.06791485182361115
1 0.13990790339440445 0.14207578438493043 0.025309072208706995 0.05370688145888893
1 0.48355336426498885 0.11610616432520793 0.03938975292686635 0.05715918977951393
0 0.23589711426498888 0.1218704275273262 0.03937157220870695 0.05403418977951393