1 0.43109991108659845 0.6325793060096497 0.10873295285270287 0.18924550649282174
1 0.3594261182825275 0.6127537755708404 0.07559081306795061 0.1480750357138149
1 0.3821145632773476 0.3937855872592378 0.08038532092583335 0.1169341298696164
1 0.2074099698113229 0.3234572706995766 0.08932367328319835 0.10772277110331832
1 0.7396360806457432 0.10886552192068781 0.04833480024766903 0.09920115909060953
0 0.8342955316409284 0.6575467094215116 0.1192723465663967 0.21440914772652384
0 0.9185186360652079 0.47497394278242017 0.12377575599585597 0.17701824188232518
0 0.49176366087720147 0.08430940138326706 0.039396447890304206 0.10841251785690749
0 0.3324996294501793 0.9059543506519183 0.16440075599585607 0.17772735389503397
1 0.15023747870266302 0.26044480194916464 0.07101032092583344 0.1167704886359143
1 0.08244851116765174 0.29129142735455404 0.058510320925833456 0.11655230032431163