1 0.53359375 0.63046875 0.08984375 0.1484375
1 0.61484375 0.63203125 0.09453125 0.1921875
1 0.61484375 0.38125 0.07890625 0.146875
0 0.29921875 0.1296875 0.08046875 0.12265625
0 0.14765625 0.44140625 0.12265625 0.1375
0 0.51875 0.9265625 0.12734375 0.14140625
0 0.509375 0.09296875 0.02890625 0.11484375
1 0.60390625 0.2421875 0.06484375 0.10546875
1 0.6953125 0.275 0.059375 0.128125
1 0.853125 0.36640625 0.07734375 0.12109375
1 0.90546875 0.28125 0.053125 0.0875
1 0.8375 0.27734375 0.04375 0.09140625
1 0.77109375 0.26796875 0.05546875 0.09140625