0 0.3906230403688541 0.09849502469147614 0.040626306420763925 0.06741475897699042
0 0.2954008061364235 0.12873249141579302 0.044078614741388925 0.08149543969514968
0 0.5019053792746874 0.11659506401728348 0.04527743882958344 0.06587953005422928
0 0.613205248765729 0.167503058163551 0.04963763050895835 0.051844301131468165
0 0.7379272661488191 0.44720821800086313 0.06311955547083344 0.0941045240041051
0 0.8029145268823955 0.5413485825604395 0.07151393692972227 0.11914997579950323
0 0.7992648096518052 0.429666193996758 0.07053201196784738 0.07696247579950324
0 0.8570383292190968 0.565249169992653 0.07783667211208325 0.12231133723582169
1 0.3995934243931941 0.35075241628021975 0.045822952697291794 0.08931703005422928
1 0.5968542033628819 0.13166555211342681 0.0403353656913195 0.054914758976990455
1 0.5814655927055554 0.12160020570422296 0.03255923328249999 0.05643180718159235
1 0.5662224524129513 0.10528485929501916 0.035429660144236055 0.04551248789975162
1 0.5116992597836457 0.06498256704234558 0.04018989532659738 0.04866475897699045
1 0.539315113507118 0.08669394057891247 0.04480466014423605 0.04556703005422928
1 0.6624954275273262 0.23127012149346343 0.0418978656913195 0.054923849336070064
1 0.6709248701566317 0.27184057933898575 0.05152743882958326 0.06591589149054773
1 0.2664594949660069 0.06328475341784556 0.030851262917777865 0.050172716822512745
0 0.3608270908056944 0.06976603669352868 0.04200696846486114 0.05961134933607006