0 0.1386217637964224 0.3335851805217675 0.12572847727182856 0.1319681383672898
1 0.17218251176782753 0.24238346360105895 0.0737841477265238 0.10979315651766246
1 0.09204281858496084 0.39502667456983914 0.11166597727182856 0.13188632513557322
1 0.3450002232113435 0.4316510175611974 0.10870461850553052 0.1412431444174139
1 0.4227178944768176 0.5430293999765589 0.11371940097293472 0.16002041549465282
1 0.49952012783772615 0.4677026679305397 0.10234552434972918 0.13495678298109545
1 0.46631611566286146 0.4003288155694076 0.1026455332781829 0.15214428298109545
0 0.8992003482096959 0.6754758239572229 0.1675535129856435 0.20095448770335977
0 0.740458773535655 0.4870713332288009 0.15305463636243816 0.17587267447164337
0 0.5239746570587194 0.4365981136758137 0.12252165665497756 0.12726245764913066
1 0.2065381465087078 0.15196754185989012 0.051554591720169365 0.08935339149054777
1 0.21994608157389967 0.11454935509160666 0.04875687418757346 0.1080852107723885
1 0.2692369695611908 0.07421524658215443 0.07356595941492108 0.09729315651766242
1 0.504289853895034 0.1591680052645573 0.04590460957707698 0.12369203005422928