0 0.816803175507568 0.19374403492600314 0.05550712523071262 0.08622839149054777
0 0.7323187515411596 0.1549855410743232 0.050218847932816855 0.0768261204133089
0 0.4022981893872285 0.281923728333586 0.06175712523071262 0.08626475292686617
0 0.4504155143410859 0.2650225746445939 0.04044332973421945 0.07052157825883124
0 0.4858931369509049 0.22149528844204455 0.060555570634920744 0.06751475292686626
0 0.411394982262828 0.16795667710392195 0.056769236581764734 0.08154998184962733
0 0.3002068722960519 0.6874283188890573 0.09887519586563354 0.1536431504675381
1 0.07178268121078049 0.6204988523611321 0.07087130937615385 0.10662270472226432
1 0.35191745758582577 0.28787829166349843 0.059093200184570094 0.06906816256778665
1 0.6289248388335181 0.07706909845230728 0.03329216378737563 0.05642271682251274
1 0.8568483821705429 0.13618606498023242 0.03142927513842757 0.05172612646343313
0 0.7573793082964196 0.1317025771786767 0.036617422886674154 0.059565897540671965
1 0.738426654069768 0.25029804107432324 0.035094495681063265 0.08454771682251269