0 0.31178294776143634 0.10127965710683759 0.038796906377006654 0.08457498789975162
0 0.38357838760941493 0.8475092416121847 0.0854948439616777 0.14107951795398108
0 0.4333803137741253 0.8808030097625574 0.09519739258219673 0.14738406010845856
0 0.8419319566950062 0.5066645103517325 0.06082903663473118 0.11750566256778665
0 0.9351253567404347 0.5912526129092563 0.07357469810012063 0.12226588544042372
1 0.8798756919956852 0.46817418209290135 0.06322369629109836 0.07378293364502539
1 0.6944095827688596 0.37084570590061466 0.05171298620519007 0.06278180113146821
1 0.5012172619857876 0.10798767847866404 0.031236711894930734 0.05953862646343313
1 0.5184899711671848 0.12116438934924845 0.03592421189493056 0.059565897540671965
0 0.4292570528043905 0.09512913017586627 0.029264776119281778 0.0517170361043535
1 0.43746902250123726 0.04275356391908761 0.02087906603337366 0.04073408430895542
1 0.2833503312985215 0.19672851249303186 0.03534435775648763 0.07830680718159236