1 0.5234539395625234 0.5695629007399512 0.10577394154108041 0.19960110534690845
1 0.7443598214575502 0.632309990770177 0.13831365690134448 0.19060791335136287
1 0.4740713681714802 0.4134668947326333 0.11985316191590929 0.14665791868236297
1 0.5808813093168493 0.36860038474695084 0.1051996285298145 0.126181786680454
1 0.5247138773426803 0.33824926607254213 0.0817621285298145 0.12590906667727228
1 0.3471057028903586 0.37213227538190685 0.12225073620994645 0.12169428134945388
1 0.21163120414399983 0.3814970900302259 0.1002848079967011 0.11831474267981754
1 0.16059388987909257 0.4434243780235444 0.11939852084968257 0.13103291868236297
1 0.061087983373459574 0.4789977040101814 0.11047816191590934 0.14654883068109026
1 0.07563386817148023 0.4088306546785449 0.09983016693047427 0.10268974267981754
1 0.27603834811322053 0.2361033213717255 0.09333612602253201 0.14791133601209036
0 0.40645430766749674 0.5080248693904974 0.12080790815498563 0.17947041868236296
0 0.5756934233316945 0.8928573060351574 0.17355247492717538 0.2142853879296851
0 0.18326423093268412 0.9249005500079541 0.19034751834240007 0.15019889998409183
0 0.269451030483101 0.11332889270368011 0.059205166930474284 0.10221702800763599
1 0.05546377216983077 0.34998236600890864 0.089074523356965 0.10881247334499947
1 0.504894436988734 0.07933734273549684 0.04978470282385157 0.10054544000636334