1 0.9167792277259054 0.36411826339927117 0.12036781094499105 0.1223034683433748
1 0.7904158808235516 0.15401833482690108 0.07842597241038014 0.12625458279171564
0 0.6641721268668228 0.47780248255342495 0.1353310696514182 0.13973643019392784
1 0.6473398309598373 0.4117507885597793 0.12776423111680746 0.14428756249917624
1 0.5783342034156459 0.37314798458201975 0.09314356965141819 0.1390000446422687
1 0.4128032994134886 0.6125395413991532 0.1340894742194024 0.1756193831160271
1 0.34630851820582403 0.5856009403434929 0.10358310266810493 0.1594761858759707
1 0.2012405161696591 0.21113454870275375 0.07588082654882315 0.10747730925276536
0 0.3572637075995174 0.4808179829571667 0.12710913387576941 0.13178756249917606
0 0.4119688969932108 0.375271366480231 0.12036116689245624 0.15196369480442443
0 0.7475954585040286 0.449808121758532 0.11863489258219673 0.14881142126547414
0 0.794225876300996 0.2749348068237239 0.12308337516934209 0.11454551542127547
0 0.5411805206922149 0.08421789813685618 0.05408771370395282 0.10865797970746054