0 0.23549321509696391 0.068153530842551 0.12411143019392785 0.13025233603812653
0 0.33703812418757345 0.11366267410484791 0.12819100405718978 0.18499438311602717
0 0.45683815543716155 0.17589171306507376 0.13767509821299112 0.19140802434972928
0 0.4911507000794302 0.2624019573830309 0.13888304220663664 0.17112279788867957
0 0.6301872954497523 0.7107866846548594 0.16678194561520332 0.24814894805083548
0 0.6727645332748877 0.6443628437454689 0.14274442775829588 0.21336484496658023
0 0.7262828197994816 0.8467980969918798 0.17402170129724617 0.2154728157455871
0 0.8041663120888437 0.789581660708872 0.1646194277582957 0.213746674511885
0 0.22546324472169896 0.34367568222252276 0.14381600405718978 0.18526711850553063
0 0.1551564732113435 0.4322648494308071 0.16023193668674965 0.23085235389503395
0 0.18522620819710509 0.14147225405718977 0.13844666558343127 0.14612279788867957