1 0.765732601024361 0.8970094718833337 0.15963102559985282 0.20598105623333254
1 0.44844468538205884 0.3766080125365282 0.06506140036914018 0.13880923328250008
1 0.44940401295681004 0.2639625421718059 0.055446568475452554 0.1105023953265972
1 0.25562493214285636 0.308744446047778 0.08739747532299776 0.12216724715020835
1 0.16448879241417425 0.29019250816812514 0.09304669802510182 0.11293771751493065
0 0.5219613309708372 0.32824455413965326 0.07357480721668566 0.14992857123840286
0 0.5302115268364707 0.17508318654847269 0.05791023442229637 0.12460126291777777
0 0.5059220141934276 0.6517911569131949 0.14114184145441175 0.20610714247680556
0 0.46412214528423645 0.4982472764042365 0.10598678901808825 0.14444229065319442
0 0.8547939034606845 0.8484733204759035 0.14829300740125576 0.22031511284152785
1 0.4964978608896267 0.188381967133681 0.06033432757475108 0.11373649810013893
1 0.7747520712532296 0.14400141318145898 0.06099566162790726 0.0997103656913195