1 0.4505225467456782 0.5846129119786114 0.11473630402608972 0.19284200585373235
1 0.39643393606776967 0.5014913397699045 0.1065783586887262 0.16310905405833437
1 0.2674538660486796 0.3601254755049156 0.08632040268936265 0.16767837939029934
1 0.5132470767027255 0.2685930022394952 0.06079314401654479 0.12222043364502548
1 0.6931340240292714 0.21964293871319102 0.06253745735199914 0.13785452400410508
0 0.5467670066836356 0.12817253531878658 0.060902232017817325 0.1315954336450255
0 0.2390605247851309 0.873987987605164 0.1711135733609078 0.2041067587805987
1 0.33488571936663486 0.24724420130441876 0.07781701201463562 0.1082579275949013
1 0.1197634427514052 0.6248732558537325 0.155088584022908 0.1696408551898024
1 0.7932152926877717 0.16007301687382638 0.06684314934754472 0.10506929508134392
0 0.8020919480426345 0.31870767348968465 0.1034897213558171 0.16621587334017515
1 0.8353942493634531 0.22672016138943624 0.066734061346272 0.09569429508134393