1 0.5322168417234646 0.3984600600731784 0.06673530681713338 0.1538704346753632
1 0.3537025093387861 0.6425265913828613 0.10965919236879254 0.19654883068109025
1 0.8780066286550955 0.3751343847867218 0.10552507142762976 0.13869996801399936
0 0.45663046063603235 0.4311811060629971 0.09823076866768635 0.1682965613462722
0 0.5375237248394918 0.27349642274026936 0.0648182508107789 0.13353975334181775
0 0.5052311964292776 0.10902484273549684 0.0679432508107789 0.1335761160089087
0 0.22815485876959327 0.4933794720321349 0.11711713636243815 0.17632723734881744
0 0.17058604627041707 0.6130465346912717 0.14343417451188506 0.16257382001908988
0 0.03931232143092521 0.7731835086728178 0.07862464286185042 0.17136701734563572
1 0.09136574513203133 0.31675224267981755 0.09612279788867957 0.13702838001272663
1 0.10801350284266906 0.258340306015272 0.11322847727182857 0.13254087468172662
1 0.37501759090939046 0.04812261071767947 0.05933981818121907 0.08817270934118146
1 0.32493577029253945 0.052228308044225236 0.06887845941492107 0.09765679734245414
1 0.5902374419650507 0.11860947541372358 0.049002336038126516 0.12242044000636336
1 0.7253685982162864 0.3006872734324954 0.07402960957707698 0.12427384134309047