0 0.7546875 0.15546875 0.0265625 0.06015625
0 0.6671875 0.11875 0.0359375 0.065625
0 0.334375 0.6609375 0.0765625 0.13125
0 0.4 0.30234375 0.034375 0.0875
1 0.7265625 0.2109375 0.028125 0.084375
1 0.79296875 0.08671875 0.02109375 0.05
1 0.8 0.06015625 0.015625 0.0453125
1 0.49609375 0.115625 0.021875 0.046875
1 0.4703125 0.11953125 0.021875 0.04765625
1 0.56796875 0.0609375 0.03046875 0.0484375
1 0.52734375 0.08359375 0.034375 0.05
1 0.3765625 0.3171875 0.03046875 0.0515625
1 0.6859375 0.21015625 0.02578125 0.04921875
0 0.6953125 0.0875 0.02890625 0.05078125