0 0.34828787427387436 0.4962182826225475 0.07311647642635144 0.09454997867599957
0 0.6827056079389362 0.30863372990932236 0.06137845574818712 0.07723520934118148
0 0.11787693630836767 0.5504898013208187 0.08329199710451589 0.11184656667727211
0 0.06705283684648693 0.4494636506604094 0.08314644789030416 0.10872156667727229
1 0.7629517260120666 0.23578602856464106 0.04121150496239885 0.08012385200509069
1 0.5835274375512219 0.09248256592141271 0.042953787427387445 0.05047271467218155
1 0.4936708790313853 0.17716719593413938 0.046224336641599174 0.0536340773392725
1 0.5199572431755743 0.12058084126354866 0.04382708271265763 0.06922271467218155
1 0.5381614336222805 0.10864391526100332 0.037358758891340216 0.06446248933799978
1 0.5496425891227985 0.08662346459263977 0.03743153349844608 0.06602498933799979
1 0.7462500694780914 0.16250306989977734 0.02940070967712849 0.06124658267027257