0 0.5150473619112313 0.6599879060709513 0.08123291335136287 0.13373974801081764
0 0.5855309425525507 0.8475520880808144 0.0844670013526354 0.14315111067790873
0 0.5109849285487327 0.8748134747374058 0.09885676535645338 0.17143974267981754
0 0.5755239746180931 0.36455777474536005 0.0637181493475449 0.10541475334181775
0 0.5446563299650016 0.2641850574076784 0.057340880012726636 0.09440452800763595
1 0.49209276193509394 0.4839157547342242 0.05274428668045381 0.10216248400699968
1 0.42728811131445543 0.14405327605822457 0.03822725334181776 0.06293635200509069
1 0.4399517433163644 0.13013622672658814 0.03661020934118149 0.058230670671545234
1 0.45645799065086445 0.12173338072881532 0.035029528007635945 0.056649989337999786
1 0.48883468598822777 0.09241859806649695 0.033357940006363405 0.04725680800445433
1 0.5134352439926821 0.059887908736451334 0.027071577339272325 0.044059082670272566