1 0.5296875 0.56875 0.071875 0.1890625
1 0.73984375 0.66328125 0.10703125 0.175
1 0.50078125 0.40703125 0.09609375 0.13203125
1 0.61171875 0.37734375 0.084375 0.11328125
1 0.56015625 0.33984375 0.06015625 0.1171875
1 0.38046875 0.34765625 0.103125 0.10625
1 0.2453125 0.33671875 0.08046875 0.10625
1 0.18671875 0.39140625 0.09921875 0.11484375
1 0.08359375 0.41171875 0.08671875 0.1328125
1 0.10703125 0.34453125 0.08359375 0.0890625
1 0.32734375 0.20234375 0.06796875 0.1375
0 0.421875 0.490625 0.09140625 0.165625
0 0.53984375 0.9 0.1375 0.2
0 0.14296875 0.9 0.16015625 0.18046875
0 0.33671875 0.0796875 0.04140625 0.09609375
1 0.09453125 0.2828125 0.071875 0.0984375
1 0.5734375 0.0796875 0.03203125 0.09609375