1 0.6432962315653145 0.74765625 0.14593752649368774 0.196875
1 0.555257962791357 0.1953125 0.07026291469812271 0.1328125
1 0.5096999261308681 0.18828125 0.07316965988879928 0.1265625
0 0.7646751798438831 0.59921875 0.15594744355406326 0.1703125
0 0.47965284989948354 0.5359375 0.132619070958725 0.1734375
0 0.9300012744055122 0.58515625 0.13999745118897558 0.15
0 0.9534598498146656 0.49375 0.09308030037066892 0.14375
0 0.981056570958725 0.40390625 0.03788685808255003 0.1140625
1 0.811542679126093 0.1515625 0.055000013246844046 0.0984375
1 0.8756399285779388 0.35390625 0.11121529691210767 0.1421875
0 0.7216691580747008 0.08359375 0.0599057680561673 0.1046875
0 0.553573922502671 0.10234375 0.055218268056167294 0.1046875