1 0.4855810094023962 0.3594606473981334 0.09680487765916687 0.13234088001272665
1 0.35718782494121576 0.5813436433799979 0.10559799620027785 0.10744996801399935
1 0.08049542553055591 0.43831816000954504 0.07641964247680566 0.12897952267663584
1 0.8001312058314237 0.2162855487746314 0.06479115824437506 0.09916475334181776
1 0.8149964056789238 0.38516281810944947 0.13263327488562524 0.12807155068427195
1 0.9570884142282988 0.342349704129494 0.08582317154340231 0.11669769867918127
1 0.4702975822563197 0.17261462806331526 0.051310539703263915 0.12400112133990877
1 0.2898489756830558 0.2720499120384982 0.061920731382639004 0.11006589067472686
0 0.695514481382639 0.11743842142740477 0.06820709897381967 0.11170111600890867
0 0.3992714478507299 0.8458243140515431 0.1516755220358335 0.20795904535327167
0 0.21342486682868128 0.847566985359635 0.1663926386770836 0.23624767735518085
0 0.15479213639597283 0.7109840480187719 0.16377547853284735 0.1909169960216353
1 0.7605764369297223 0.12756794676954072 0.053635452697291794 0.08966248400699968
1 0.74102634992375 0.09297477076699538 0.03975479065319458 0.0973113520050907