0 0.7781341633235888 0.19256619975059092 0.050226784130279964 0.08542966014423614
0 0.6957612790803696 0.1562273498268409 0.04655575256024882 0.07598192496187503
0 0.35600228711405163 0.2946111704965628 0.05794827886860796 0.08404899810013892
0 0.4063586028849497 0.27622549961875037 0.03690773677523325 0.07107621941479172
0 0.4441540054734333 0.23173127042031288 0.05694722099021767 0.06686149810013893
0 0.37362867384693255 0.1800219936348267 0.05307876834526422 0.08081489532659729
0 0.22572689803268348 0.7046381742962848 0.09007751038216938 0.15345361474138883
1 0.017084000282348678 0.6461125870059723 0.034168000564697355 0.10472517401194459
1 0.3055017581748564 0.30204115757878497 0.05538472099021767 0.06682513050895836
1 0.5976492737481105 0.0811890226045144 0.029747684158514788 0.055305749050069464
1 0.822262865897955 0.13335550712128544 0.027912168373499212 0.050581881458888936
0 0.722217363267119 0.1318092312857298 0.03461719468185844 0.05853985182361114
1 0.6956787081183867 0.25166713639597277 0.03138577886860805 0.0834307490500695