0 0.27265625 0.8 0.07578125 0.14375
0 0.2390625 0.734375 0.071875 0.140625
0 0.13359375 0.92265625 0.096875 0.1546875
0 0.55625 0.1375 0.03671875 0.06796875
1 0.46484375 0.540625 0.053125 0.11953125
1 0.64453125 0.3734375 0.05078125 0.08359375
1 0.61328125 0.3421875 0.0375 0.08984375
1 0.4546875 0.1296875 0.03671875 0.05546875
1 0.47578125 0.11640625 0.03828125 0.05
1 0.496875 0.10390625 0.02890625 0.04609375
1 0.52421875 0.0859375 0.02109375 0.05234375
1 0.68359375 0.25625 0.0296875 0.08203125
1 0.80390625 0.05 0.0265625 0.0515625
1 0.7484375 0.134375 0.02109375 0.0578125