0 0.31510291580984706 0.8293558579522238 0.10859741316955063 0.13620232710967278
0 0.594439007126136 0.2284554257264057 0.06004024122451135 0.07757162094116259
0 0.7493859537482883 0.5446003973161915 0.08268813103709682 0.10451595048646745
0 0.7315512475592245 0.459089591309837 0.07598348997087019 0.08878185633066593
0 0.2803226828320989 0.1979598076279122 0.04244356426490725 0.06320911201270882
1 0.5277121598708453 0.15772414001259077 0.03146060015828454 0.06145569724005644
1 0.5478200713910433 0.1651099460189452 0.027880959092057723 0.04577615016215582
1 0.48924069325694014 0.13672980153883224 0.039091243731793845 0.0553420649348082
1 0.4716272959225071 0.09734001907142817 0.03739235141192587 0.050627291395857824
1 0.41826999755922456 0.45362124675029386 0.04661423871722885 0.09920115909060953
1 0.5169766190294101 0.5804076635515412 0.06462009263643723 0.12762616801906326