1 0.3572890680493443 0.3136850300350674 0.026463947033792935 0.06600682954530476
0 0.38688908673877775 0.29210035633396125 0.03827553218308681 0.07869774431795715
0 0.6645873878633994 0.11480760471240348 0.028933383171822414 0.056686376623205435
0 0.7475584249901648 0.14457119683960995 0.029261165102807674 0.06137387662320544
0 0.2782082194063971 0.38451177313520857 0.05107046312533629 0.10545115909060954
1 0.02152616669229153 0.5413965673704402 0.04305233338458306 0.08239548863591431
1 0.5651061939316998 0.05334004505260108 0.03641810124083733 0.05213524431795715
1 0.4947501352655094 0.0998253072274657 0.02380884059717552 0.05035455600635443
1 0.6730558157035558 0.21687861932290006 0.027556553470410174 0.08163182954530476
1 0.7152104647148201 0.19429450731019124 0.029261165102807674 0.06137387662320544
1 0.7951707523457886 0.07741492451847559 0.024245883171822413 0.05660455600635441
0 0.6946790794493107 0.08619168101129734 0.03685514381548423 0.05838524431795715