1 0.3973758976534457 0.7113817496187503 0.10191470798203354 0.1912809230620139
1 0.3942186705189365 0.6002805954584378 0.13946927168436432 0.1937162452503472
1 0.7963392204262693 0.5040855812094799 0.13265378729346117 0.13266964247680554
1 0.6091839939247322 0.26594588231191024 0.07727680653075471 0.15636040919430555
1 0.6746353791339422 0.29483525493708396 0.11719247840045366 0.13699346656500017
1 0.5564136579898827 0.25455313421177134 0.06228672359113006 0.12947060087368065
1 0.6198635774973289 0.1168544188810422 0.05770835099579195 0.13248649810013893
1 0.9203818995523623 0.35528701813920216 0.113105179126093 0.15407186379145835
0 0.3025371459241652 0.42691387100965306 0.12108137023308556 0.15894120174736132
0 0.5044915155242786 0.3979933564763546 0.10523811542376223 0.15232752583555556
0 0.8187350647986392 0.4225089260992368 0.12248017912609299 0.15429006933854178
0 0.8628148699786315 0.8394977107685075 0.15838296279135697 0.19884015634451374
1 0.31265127822296834 0.09250250341847248 0.06621033175849825 0.10770470364722229
1 0.33419146152541257 0.05781903210381974 0.07224207694917481 0.1016001740119445
1 0.37641616706037545 0.035345273270104484 0.05966766587924912 0.05447060087368061