1 0.675903766168418 0.7090587782075175 0.1386575804577168 0.1960397287263696
1 0.31180160542821117 0.27619784387512103 0.0894116972858944 0.1395261083130605
0 0.565571461612727 0.3325104346269841 0.10717835149293879 0.12557269262201592
0 0.5994872757267989 0.249534308163551 0.08952095792955603 0.14108860831306053
1 0.6723734826479488 0.4021729739527915 0.11931771857321785 0.1428238251355733
0 0.6722585041873739 0.3256422902095701 0.11310056956195354 0.12092155405833438
0 0.7720182035669552 0.35083266686939496 0.11888067599857095 0.1365738251355733
0 0.8955756718880716 0.281391799579344 0.11586493664223277 0.138118144417414
0 0.8330167796620713 0.651136673017715 0.17550201659574646 0.18688289734428026
1 0.6995140449204355 0.08105195287555259 0.053758420550689225 0.09871021077238853
1 0.6750439226443763 0.0624519438003663 0.05644637797604233 0.09247839149054778
1 0.6484321461612728 0.03175295228637741 0.04063570767745457 0.06350590457275482
1 0.4343153798176278 0.14350754284184877 0.05103761213660043 0.12680793969514967
1 0.4127406645986046 0.08350128376666245 0.03504127153942509 0.07673521682251272
1 0.3997711350134079 0.17963139520298094 0.04314870248167448 0.10333407825883123
1 0.179710371267653 0.3113273436787293 0.0997264844126597 0.10834883118569749
1 0.057835371267652994 0.3120363916869395 0.08813342055068932 0.09891019867214013
1 0.24602913995708642 0.2898563437769252 0.0786163089182919 0.11915906615858277