0 0.66875 0.91640625 0.09375 0.15390625
0 0.6796875 0.09765625 0.0265625 0.0640625
0 0.36328125 0.16640625 0.05234375 0.06953125
1 0.46875 0.12109375 0.025 0.05234375
1 0.48828125 0.1109375 0.02890625 0.0578125
1 0.5015625 0.0890625 0.03359375 0.0578125
1 0.5484375 0.08203125 0.02734375 0.04765625
1 0.55703125 0.04140625 0.02578125 0.0421875
1 0.7046875 0.1953125 0.03203125 0.06640625
0 0.703125 0.075 0.02890625 0.06328125
1 0.159375 0.56015625 0.06484375 0.0875
0 0.03515625 0.328125 0.05703125 0.09921875