1 0.5415297918061903 0.6163178080653552 0.10450804220663663 0.16934087334017517
1 0.6212309285756653 0.6150729497522947 0.10420803327818291 0.15215337334017515
1 0.7641310892878327 0.3048979981532883 0.08496710957707698 0.12391928903121974
1 0.12857759862332352 0.46561084358053345 0.1180250714276299 0.13817268657189175
1 0.0320197930207109 0.40604546692070864 0.0640395860414218 0.09415906615858276
1 0.06306032386985247 0.9073534368664792 0.09853077759614011 0.18492951190385654
0 0.5203696323085436 0.48598541345154944 0.12117734496658024 0.13975336729005097
0 0.6967918104738766 0.4482439980550924 0.11369212743398442 0.15845791549465282
0 0.9267247723244296 0.43284521527038866 0.13449555113509035 0.18670109016268785
0 0.36055430154542284 0.46738592525721023 0.1531364569792891 0.18056017447164335
0 0.16199189082996024 0.2966835815784809 0.10256371266133195 0.14745678298109555
0 0.4655919979714051 0.08868823263519429 0.05678756249917623 0.12063066256778661
0 0.5364705503309022 0.9061615580653551 0.18285123051823932 0.18229539129415606
1 0.8840947617711228 0.2346758808632373 0.07222164772652384 0.10978406615858276
1 0.8076959030048249 0.2257463084581386 0.0724943831160271 0.12540906615858277
1 0.21491015949764664 0.12920519008793313 0.051581865259119654 0.09091589149054777
1 0.32316871875041187 0.05827000049097932 0.05160913879807012 0.09247839149054778
1 0.28743577029253947 0.04676032874981053 0.049528441558013635 0.06278180113146814