0 0.6543477711362102 0.38178659903036066 0.07547620435383635 0.10437958279171564
1 0.26636164309857635 0.26270100284266906 0.04760417549789597 0.06641593262955983
0 0.26550598202865067 0.21581236607319393 0.03515873920022683 0.06776024431795716
0 0.24269596460545548 0.23419021915744898 0.04302580290255768 0.06945911201270878
0 0.30486858239147036 0.2237242775994354 0.046150802902557686 0.06951365909060954
1 0.2186781112474109 0.26275159578065443 0.030143856986241602 0.058303423701106104
1 0.19940975607526779 0.24823512824805852 0.0317609206885725 0.059893197240056394
1 0.1645610409216581 0.21288400933549084 0.02998016587924912 0.05361592370110611
1 0.1801860409216581 0.21261127394598742 0.029761911069925696 0.04736592370110611
1 0.8301860740387678 0.4475092362068729 0.08781251324684405 0.09991027110331832
1 0.9364459977225653 0.4683245223277249 0.09250001324684405 0.09999209172016936
1 0.9664335649682751 0.5231250706234416 0.0671328700634497 0.09366027110331832
1 0.4247693654237622 0.14267705479183374 0.03672123920022692 0.06778751785690744
1 0.3933283924656042 0.1377537755708405 0.04437004809323426 0.06323638555165915
1 0.3710069591631599 0.1029657183466701 0.03779266587924912 0.05375229139585782
1 0.45766371097725844 0.14444806047387657 0.04582342068857255 0.06013865909060954
0 0.19287452467958927 0.1506334253259592 0.037465283665263985 0.04437729139585782
1 0.5027232398331989 0.18118440138326708 0.04124504809323426 0.0631818384737585