1 0.6455962554152428 0.35703125 0.047421820288472284 0.090625
0 0.6245213424212149 0.32265625 0.05203658510611113 0.0875
0 0.5064441428580553 0.29375 0.07391158510611114 0.0875
0 0.6357692733670136 0.2421875 0.06886040919430556 0.071875
0 0.7685648959921874 0.17578125 0.05301720364722229 0.0625
0 0.40404976073357635 0.09453125 0.03582970364722229 0.0625
0 0.438130553952222 0.275 0.06609908510611114 0.0875
0 0.31881685628892337 0.29921875 0.06751611474138892 0.08125
1 0.5832099306614582 0.1171875 0.0325228656913195 0.0546875
1 0.5485810107335763 0.09453125 0.04193423328249999 0.05625
1 0.3312103663569096 0.16953125 0.04716724715020835 0.0796875
1 0.4196546173068401 0.19609375 0.05636040919430556 0.071875
1 0.401967009880555 0.6875 0.07340374525034736 0.1328125