1 0.6380769423325032 0.503125 0.0946713054894186 0.1390625
1 0.834352548758994 0.509375 0.12646687476889085 0.1578125
1 0.7288142879384414 0.2921875 0.08837584138279589 0.1375
1 0.5103908968722146 0.2765625 0.05488137978345566 0.1140625
1 0.4927882082341279 0.20859375 0.045097202823851566 0.1
1 0.27604332594338976 0.11640625 0.056352951570210405 0.1109375
0 0.11918087516460221 0.31015625 0.12399509263643718 0.1265625
0 0.5851902523742685 0.9140625 0.15656355172849495 0.171875
1 0.34877012061225565 0.03828125 0.04754024122451135 0.0765625
1 0.38799174498543504 0.04375 0.0541084899708701 0.0875
1 0.5097363643440496 0.09296875 0.04188127461060631 0.096875
1 0.8562406059642722 0.321875 0.07827341567683277 0.1125
1 0.9301411072179135 0.3109375 0.07367684389007856 0.115625
0 0.5514190621533361 0.23671875 0.05993259263643722 0.1265625