1 0.3526621546017236 0.4458662844992943 0.09255886760421675 0.1640000446422686
1 0.3956401748676788 0.3490906960255358 0.08790585969555131 0.12644549756436801
1 0.44349144855649386 0.6308668015454229 0.08876270555093821 0.18579322402541756
1 0.3974388023205462 0.5348645547918338 0.08410969764227279 0.14823867694751697
1 0.2331150226630509 0.6782578189952932 0.10977554250907655 0.2033352800317722
1 0.06960159828966377 0.322773252435632 0.0608340237259962 0.1134818474022122
0 0.4955632149052973 0.1576378072274657 0.045591025703162556 0.12258411201270887
0 0.49637098121691975 0.08033496753589121 0.04613485376405215 0.09761138555165919
0 0.28810088338436646 0.15267143790786092 0.057900024714579425 0.11811480032431154
1 0.34293957509514017 0.03626696225759015 0.051620849809719614 0.0725339245151803
1 0.21524572623682275 0.5036941956184986 0.09281353558899426 0.17025004464226862
1 0.5953059579480341 0.5837172918061901 0.12766869665368966 0.1443148360381265
1 0.8522695182516078 0.29349784619098684 0.08334569368794006 0.12948867694751698
1 0.7707157707230656 0.28321095698587967 0.07971135771838486 0.11693412986961631
1 0.6989999382135517 0.2805592897775953 0.09252969269935693 0.12496481818121907