0 0.6484375 0.15234375 0.03359375 0.07734375
0 0.728125 0.196875 0.0421875 0.071875
0 0.93125 0.39140625 0.0671875 0.0796875
0 0.44453125 0.2328125 0.0421875 0.08359375
0 0.53671875 0.12265625 0.040625 0.0578125
0 0.384375 0.284375 0.0421875 0.08359375
0 0.459375 0.18828125 0.03125 0.06015625
0 0.69375 0.09609375 0.03515625 0.06015625
1 0.4515625 0.128125 0.03046875 0.05390625
1 0.47109375 0.109375 0.03125 0.05703125
1 0.54296875 0.06875 0.03515625 0.034375
1 0.77578125 0.12109375 0.02109375 0.05625
1 0.7859375 0.09296875 0.0171875 0.040625
1 0.80234375 0.05390625 0.0203125 0.05234375
1 0.46328125 0.30625 0.04453125 0.071875