1 0.45689631209725956 0.4960963352306429 0.1528621920901143 0.1774546185055307
1 0.3234610992240249 0.5296373125024715 0.17256268689433424 0.2136921274339844
1 0.22220496580010085 0.6609339513005416 0.1157992346647612 0.18305005357072252
1 0.0851912848578514 0.6898556124197459 0.14767194753799595 0.2148182508107789
1 0.5771270486036062 0.5509593388840909 0.11456451659574647 0.1877102800317722
0 0.23792170901483695 0.3134277057647684 0.08606817599857094 0.13727390340856668
1 0.18131606595565736 0.1521141047091082 0.051758877976042325 0.09297843262955988
0 0.21959731595565737 0.15144590300482483 0.07963250569998319 0.11219208279171564
0 0.13702012671553462 0.272272646104966 0.11520937278026229 0.12997960064862307
0 0.043925326599319095 0.37717042613673807 0.08785065319863819 0.14253414772652384
1 0.7220560444162324 0.21914450284596437 0.09282092055068922 0.0999375446422687
1 0.643275480554262 0.22988317979348136 0.10328852698730664 0.1157261858759707
1 0.5236842463937037 0.2663036952147569 0.08014595792955603 0.14185230925276535
1 0.4434611508528497 0.20840146631807518 0.06855289406758569 0.13228639448011298
1 0.47695099404791524 0.1758247455390684 0.0583038089182919 0.11962275324641088
1 0.8887465176810272 0.2568103238698525 0.09086493664223276 0.13891822402541765
1 0.8368615895887693 0.2288450109636392 0.07999313861970414 0.09503185633066594
1 0.819553757289467 0.18623081696999363 0.09024222376899793 0.10769549756436803