1 0.2404613420101172 0.24005633167667675 0.08356152286549072 0.11140110831306052
1 0.1850645138798161 0.2200619942444634 0.0645932680561673 0.10504202400410509
1 0.2327629146981227 0.13148530757437582 0.06829862141421188 0.07694429508134393
1 0.24893106252120453 0.0798182684449602 0.053546640651505585 0.10185339149054777
1 0.5798463120578683 0.6053439466290367 0.11777283175849824 0.10691359621281223
1 0.6458978979927178 0.5948013563681529 0.11524803248413758 0.12408291549465282
1 0.8126538005403049 0.22344346507399687 0.07547620435383635 0.10354315651766247
1 0.7322048979078998 0.2692332089256768 0.0852877139724832 0.11609769867214012
1 0.6693775156939147 0.2602218232888615 0.061324424316769564 0.14563975292686626
0 0.9322520271266601 0.7305787333225654 0.13549594574667978 0.19466812626704133
1 0.8711235541685021 0.3090582573266704 0.10381945916316013 0.10995678298109554
0 0.46410219473518965 0.08794334407151277 0.05192957694917481 0.10028180113146815