0 0.7203125 0.07734375 0.02578125 0.0640625
1 0.646875 0.1734375 0.03125 0.07109375
1 0.6671875 0.18828125 0.02109375 0.065625
1 0.69375 0.18515625 0.02890625 0.06328125
1 0.709375 0.19375 0.03125 0.06328125
1 0.72109375 0.21328125 0.02734375 0.071875
1 0.74453125 0.18671875 0.0234375 0.05859375
1 0.5546875 0.04921875 0.02421875 0.04921875
1 0.5234375 0.065625 0.02421875 0.053125
1 0.4921875 0.109375 0.02890625 0.05546875
1 0.47265625 0.11953125 0.03359375 0.0546875
1 0.76953125 0.12421875 0.0296875 0.0640625
1 0.7953125 0.08125 0.021875 0.06484375