1 0.5134283299397252 0.6344970100652243 0.11838258706427282 0.17314769334818117
1 0.43714911295641184 0.6539095340547247 0.11756371551297526 0.15752269334818117
1 0.21002893373948384 0.3873652820257715 0.0956953595655099 0.12759883601209038
1 0.8617585300760109 0.38323723878099475 0.1293267311168073 0.1436056440165447
1 0.9470575429663095 0.29756391545985783 0.09734639077317446 0.09951019867918127
0 0.49557136533126106 0.5023384907304062 0.13097111827193722 0.14518632535009016
0 0.3164161318396045 0.51040388737268 0.12718437697836443 0.1623192813494537
0 0.09613460933836729 0.5531255473424541 0.14444712008095947 0.19375109468490823
0 0.6416374598587656 0.4439185580839961 0.16755707146044047 0.18777381468808993
0 0.7809954517181652 0.22770430677113157 0.11411116689245607 0.15123633068109027
0 0.43081731004047974 0.10104816339113369 0.06732469810012062 0.12258407200827234
0 0.6022229935528209 0.909712996697953 0.19724457146044044 0.180574006604094
1 0.07611427917149953 0.34989145934118143 0.08089587516934213 0.11337270401018129
1 0.14569311680159913 0.3218124600174992 0.0831953595655099 0.12745338534372674
1 0.6818099219808389 0.07820319875872303 0.05795634215265544 0.09280566534054513
1 0.557474985300679 0.044744714075405624 0.05869997060135788 0.07719884667409056
1 0.5877832830166868 0.02713959074631452 0.05369156603337366 0.04122498400699968