1 0.6279228159611836 0.2896100050681656 0.049546561346272 0.0955943011314682
0 0.6432125559755011 0.18422306829988214 0.04471361067790856 0.08306703005422929
1 0.21682530120150606 0.9716482619038567 0.07567270934118149 0.05670347619228657
1 0.36230143320341507 0.9580311894987579 0.06037497334499946 0.08393762100248417
1 0.4277388132559127 0.5728396198241337 0.05917610001590834 0.11752384328594587
1 0.49352799260027586 0.4919668697259379 0.052871556015271895 0.11279998184962743
1 0.4015068613144554 0.14140781264254138 0.027180665340545217 0.05327953610435347
1 0.436317665977092 0.1712998457218328 0.025654528007635947 0.056395445745273866
1 0.4188670839831371 0.12666405659241717 0.024019302673454136 0.05013635538619425
1 0.4739363919875915 0.09416971916020378 0.028743165340545218 0.05328862646343313
1 0.6552216599697742 0.22648329117251906 0.03675566000954511 0.07052157825883124
1 0.6998352733131827 0.15251907122674835 0.03522952267663584 0.07363748789975162
1 0.6760523279758193 0.1820702158405541 0.033667022676635835 0.073628397540672
0 0.5092199113224096 0.08343675223949518 0.042842028007635945 0.056495439695149675
1 0.7249812713240005 0.07297247179248242 0.031959072008272395 0.06111930718159235