0 0.7203125 0.12734375 0.02578125 0.06796875
1 0.4921875 0.14609375 0.028125 0.04765625
1 0.4734375 0.15625 0.0296875 0.0515625
1 0.528125 0.109375 0.03125 0.0484375
1 0.5546875 0.08828125 0.025 0.0390625
1 0.778125 0.14375 0.0234375 0.06015625
1 0.7984375 0.11328125 0.0203125 0.0578125
1 0.72265625 0.25390625 0.02890625 0.06640625
1 0.69296875 0.22734375 0.02421875 0.07109375
1 0.709375 0.2328125 0.02734375 0.06796875
1 0.64609375 0.2171875 0.02734375 0.0703125
1 0.66640625 0.22421875 0.01796875 0.0734375
1 0.75859375 0.1953125 0.021875 0.05859375