1 0.3515625 0.19609375 0.03671875 0.10546875
1 0.69453125 0.621875 0.121875 0.13203125
1 0.91796875 0.68046875 0.1375 0.16015625
1 0.73359375 0.36875 0.08046875 0.11484375
1 0.7890625 0.3140625 0.06796875 0.109375
0 0.07421875 0.3140625 0.08671875 0.12109375
0 0.19296875 0.40703125 0.0875 0.13203125
0 0.53828125 0.465625 0.08828125 0.1375
0 0.70625 0.465625 0.08984375 0.115625
0 0.88125 0.490625 0.11484375 0.1359375
0 0.54609375 0.85234375 0.15 0.18203125
0 0.31640625 0.83203125 0.13984375 0.178125
1 0.25703125 0.11015625 0.040625 0.09453125