1 0.7782405791368393 0.18543197606060313 0.05573333148532651 0.09931025324641088
1 0.037528426513062034 0.48100849228936227 0.07505685302612407 0.13579322402541774
1 0.11041822937683562 0.4491760653418453 0.08667949459715381 0.14823867694751697
1 0.4414987133094714 0.1515065840128269 0.057826452503779005 0.13524775324641086
0 0.6715656449077374 0.1677826002481766 0.062256347270342086 0.10410684740221221
0 0.9357051976656301 0.2958495044708174 0.09699536831702957 0.11095686525911966
0 0.9237148899284142 0.46151541477924296 0.10597552616718495 0.15794095941492117
0 0.10730312172432421 0.7036590137997176 0.12739549985882567 0.15051028896022595
0 0.03451515301200664 0.8833658790588373 0.06903030602401328 0.17076824188232537
1 0.7420671316829706 0.09631097484278715 0.036710315700310935 0.0942954707790068
1 0.6908455369022901 0.05115816193657389 0.03643729991529536 0.0896079707790068