1 0.5858816421924653 0.06795407269968633 0.09386171561506948 0.13590814539937265
1 0.28077068921083304 0.3545682835702707 0.07772756933854179 0.11762383723582168
1 0.4319655940367356 0.570846747662309 0.1416459053945834 0.17892495159900648
1 0.3022235426499648 0.5739449974659172 0.12046058320625015 0.14130677693097127
1 0.2954520914712845 0.294334765518094 0.09989351006798622 0.13025110226293624
0 0.5365628282691662 0.5405547387835143 0.11599128875333342 0.15065450585373252
0 0.5067675319163885 0.4782365459651068 0.09633209897381949 0.11148292154477701
0 0.5580235202328817 0.3568609948336386 0.1224594943004167 0.16006586729005096
0 0.27520775418097176 0.5264523739293503 0.1267833183886112 0.14446813836728972
0 0.1734283550546524 0.4692398376286051 0.098512848023889 0.1380545119038567
1 0.424270035334861 0.16313424161218473 0.06221167211208343 0.12222043364502548
1 0.3946909848980207 0.19220866325515767 0.055743466565000156 0.11280907220870703
1 0.6623532232145137 0.06957409739116246 0.06915134992375016 0.08476588544042356
0 0.6821480852030204 0.5279905853891099 0.15574477298576409 0.1805692648307229