1 0.6853851124915593 0.39765625 0.09986306699689199 0.13125
1 0.6695632134011821 0.3515625 0.10814644789030421 0.1078125
1 0.30481354694240936 0.584375 0.12181084160399784 0.1328125
0 0.48503835608141854 0.421875 0.1045891083532208 0.165625
0 0.8715580529382653 0.409375 0.10909251778268043 0.128125
0 0.9159116745260526 0.34609375 0.10774834160399785 0.1328125
0 0.0814423593911874 0.68359375 0.13830913688926819 0.1515625
0 0.052519108562617864 0.84296875 0.10503821712523573 0.1578125
1 0.758730683003108 0.13125 0.04840757485477489 0.1
1 0.722724716501554 0.065625 0.037470074854774896 0.1
1 0.6858069133584008 0.053125 0.03361732878371626 0.084375