0 0.646875 0.30390625 0.05 0.0875
0 0.75390625 0.15390625 0.03203125 0.065625
0 0.7859375 0.35 0.04921875 0.06796875
0 0.35390625 0.30625 0.03984375 0.08359375
0 0.40390625 0.30078125 0.03671875 0.0859375
0 0.67109375 0.11875 0.0359375 0.06171875
1 0.05625 0.690625 0.0734375 0.10859375
1 0.29765625 0.31796875 0.04609375 0.06640625
1 0.378125 0.32265625 0.0234375 0.06640625
1 0.46171875 0.13125 0.03671875 0.0625
1 0.47421875 0.12265625 0.025 0.06015625
1 0.49140625 0.11640625 0.02265625 0.0671875
1 0.51640625 0.09140625 0.02421875 0.05234375
1 0.559375 0.08046875 0.01953125 0.05390625
1 0.68515625 0.2203125 0.02109375 0.0640625
1 0.79296875 0.08671875 0.01875 0.0546875
0 0.69140625 0.0953125 0.03515625 0.05625