0 0.6491738622821623 0.1537361375817229 0.038013730355292805 0.07832498789975158
0 0.7316439139775733 0.19717304107432318 0.04709763192686935 0.07212953005422928
0 0.9467724160444881 0.38899796847283274 0.0725342795695049 0.08164997579950314
0 0.45072355376232565 0.2361526860809124 0.04767982878371626 0.08462953005422928
0 0.5361451693542569 0.12496117690753021 0.04488016046291676 0.05805793969514968
0 0.3938228904039248 0.28893225243588694 0.04767982878371626 0.08462953005422928
0 0.46271197745980874 0.19170324931262894 0.03565070967712849 0.06112839754067201
0 0.6910488391227985 0.096963962815492 0.03877570967712849 0.061146578258831207
1 0.4513164050862333 0.13149700233769107 0.033797111248705033 0.05486930718159235
1 0.4691931098009629 0.11285608664664645 0.03550516046291676 0.058003397540671964
1 0.5383219454091048 0.07108219798476907 0.037538541356328815 0.03458407825883121
1 0.7741717082293864 0.12087870666717193 0.0244948858558109 0.05637726502711464
1 0.783018015301481 0.09281279400118944 0.019079639784752266 0.04072499394987579
1 0.7967872628202816 0.05305994759198561 0.024349336641598995 0.053252265027114644
1 0.47445646029630095 0.3097083607489474 0.048660131926869354 0.0721386204133089