1 0.4109375 0.4890625 0.07421875 0.1078125
1 0.48515625 0.44140625 0.09609375 0.15234375
1 0.57109375 0.37734375 0.08359375 0.10234375
1 0.665625 0.3421875 0.0875 0.12421875
1 0.51171875 0.553125 0.109375 0.14296875
1 0.29609375 0.49921875 0.05078125 0.1984375
1 0.92109375 0.32421875 0.08671875 0.1375
0 0.29765625 0.68671875 0.121875 0.2171875
0 0.65546875 0.4765625 0.121875 0.14765625
0 0.53828125 0.13828125 0.03203125 0.13515625
1 0.24921875 0.121875 0.0375 0.0984375
1 0.26796875 0.084375 0.03046875 0.109375
1 0.3015625 0.03984375 0.05078125 0.0796875
1 0.559375 0.1796875 0.03125 0.10703125
1 0.63359375 0.2609375 0.05703125 0.10625
1 0.70078125 0.28828125 0.06484375 0.109375
1 0.78046875 0.28828125 0.078125 0.10234375
1 0.89609375 0.26484375 0.07109375 0.10390625
1 0.4546875 0.6921875 0.053125 0.1953125
0 0.95703125 0.73359375 0.08515625 0.178125