0 0.8418127976383669 0.4205928812370111 0.06706313103709718 0.10349770472226431
0 0.823228967538342 0.6564622035439139 0.09661423871722903 0.09898292154477702
0 0.32069763024567416 0.2034623850476401 0.03646634890464338 0.07207498789975161
0 0.2866408789920329 0.19232489714788853 0.030125420691397942 0.06891362646343313
1 0.23674852758010712 0.24204309601642038 0.033568669437756785 0.0798693071815924
1 0.22462661229898545 0.20212207796424364 0.0315969924781526 0.0657977168225127
1 0.189257413631769 0.1823817497054124 0.02989810015828458 0.06110112646343309
1 0.4584536945105814 0.14175324628756686 0.029898100158284535 0.06110112646343313
1 0.5839702392459543 0.6886696737842722 0.07422241316955044 0.13478406615858277
1 0.20876593157845766 0.18327662919390764 0.023602636051661817 0.05950226502711464
1 0.27213209811322053 0.23443512909571176 0.03936402837152997 0.06428066861791085
0 0.26042771997911746 0.20701865622307483 0.036148100158284534 0.06113748789975162
0 0.2308515317367422 0.12245730386194267 0.03734688730530315 0.04864657825883123
1 0.48559285603077934 0.14894357757146015 0.034130959092057725 0.045503397540671967
1 0.5092660367513071 0.16783447813719424 0.040699207838416386 0.05647725897699045
1 0.4289935150436948 0.13376802946505412 0.039182171945039104 0.05803066861791084