0 0.47727080113179515 0.6726055373965425 0.07545574188232518 0.11647952267663583
0 0.17152754139256252 0.5190783586887263 0.07052278003177208 0.10236247867599957
0 0.6617926623370204 0.10143161342295041 0.0341216298696164 0.07538180800445433
1 0.5287619740254177 0.08738620007158762 0.030505706168510116 0.04722044533736347
1 0.535097748782184 0.04762426607254212 0.02414661201270878 0.04089772000318167
1 0.47311199188232517 0.1211066720639516 0.03393071509696384 0.06444430800445433
1 0.45610176988550233 0.1310629273949517 0.04166139448011279 0.05984771467218155
1 0.48046084172016934 0.09463507873167883 0.027353432629559825 0.04562158267027257
1 0.6922944143656153 0.19317421809354113 0.03886367694751698 0.07856135200509069
0 0.6815869650969639 0.07198047075904121 0.03220457386326192 0.055051126670908904
1 0.12131685592033359 0.7301698526814084 0.05928527110331836 0.08504770934118148
1 0.4152194456152033 0.250094190722452 0.04338753571381489 0.06924089600572696