0 0.6014089468363146 0.28087080932289166 0.06410913879807012 0.09255111436318471
0 0.5613606452941872 0.2923577551663614 0.045222771103318495 0.08462953005422928
0 0.2723953770302425 0.15081865319801274 0.03700116801906326 0.06114657825883123
1 0.22211691315109458 0.25600560206654455 0.034203450486467356 0.07987839754067201
0 0.19028626055330683 0.1995647045258726 0.03878185633066598 0.07365566861791084
1 0.5044938474088028 0.9092770895735127 0.09952053327818292 0.1521261022629364
1 0.4844004991892211 0.1356441468533009 0.03697389448011297 0.05958407825883123
1 0.46670448457872454 0.11991460772388532 0.040153441558013724 0.06272725897699045
1 0.44485675811767483 0.11822484269677067 0.037055715096963836 0.06427157825883119
1 0.2706089602289953 0.2531624031980127 0.03255912986961631 0.0751818071815924
1 0.1436391314944694 0.14147494857394424 0.02740797970746054 0.048592036104353475
0 0.2406914094976466 0.13188230083688054 0.040098894480112966 0.05960225897699045