0 0.675 0.159375 0.0265625 0.071875
0 0.41640625 0.16484375 0.0421875 0.06015625
0 0.471875 0.16875 0.04765625 0.0640625
0 0.4609375 0.6234375 0.06875 0.115625
0 0.49765625 0.85390625 0.08359375 0.15546875
0 0.42734375 0.90078125 0.0921875 0.1453125
0 0.30703125 0.671875 0.0625 0.121875
1 0.43203125 0.33203125 0.03984375 0.10390625
1 0.7296875 0.1984375 0.028125 0.07578125
1 0.759375 0.1296875 0.02421875 0.06796875
1 0.69375 0.17578125 0.028125 0.06171875
1 0.78828125 0.096875 0.0234375 0.07734375
1 0.5546875 0.0671875 0.03203125 0.05390625